3.106771
3.327130
3.231165
2.338185
3.354994
3.324446
2.690064
3.055356
3.290431
3.088464
2.648664
3.248561
2.757960
3.571263
1.906216
3.034510
2.886561
2.835969
3.060473
2.818385
3.431735
3.551988
2.114481
2.410800
2.828100
3.260175
2.937448
2.909564
3.212278
2.602115
2.859150
3.495204
3.316837
3.241592
2.354087
3.185548
2.129385
2.518726
3.374885
2.857192
3.180640
2.489613
3.147644
3.116542
3.406586
2.557215
2.755962
3.444004
2.598837
3.103155
3.208352
2.688705
2.588497
3.046522
2.179378
2.745315
3.229151
2.239297
3.157158
2.944178
2.845588
3.320466
3.084034
3.347823
3.128696
3.147965
1.991713
2.312561
2.057432
2.511781
2.513916
3.501785
3.380629
1.373091
3.188100
3.140483
1.811558
2.421982
2.494971
2.363666
2.018754
3.124378
3.226401
3.206911
3.524803
2.089674
1.916472
2.996168
2.888669
3.402353
2.029283
3.107248
3.361212
3.028970
1.995119
3.398957
2.435379
3.296546
2.859942
1.885346
3.221695
3.124083
3.224030
3.094614
2.949113
2.820918
3.243482
2.019483
3.127850
3.206309
2.457489
3.250972
0.469428
3.197386
3.142934
2.791760
2.761353
2.893247
1.346981
2.827448
1.915140
3.093196
1.905291
2.940471
2.332372
3.124172
2.576829
2.982183
3.246318
2.940845
3.285701
3.070567
3.129823
2.719785
2.645282
2.634908
3.318945
3.361277
3.137952
3.192826
2.645751
2.912374
2.738429
3.563655
3.219073
2.833835
3.077324
2.264313
1.867798
2.077803
2.685022
3.172433
3.198318
2.924356
3.133750
2.004869
2.930038
3.065200
1.883593
2.441258
1.917002
3.140502
3.286176
2.996444
3.291096
2.828017
3.257836
3.153445
2.639165
2.426327
3.297638
2.862150
2.862261
3.234746
0.740089
2.295970
2.060519
3.049422
2.962567
3.308841
3.129799
2.331951
1.570307
3.218370
3.087423
1.508437
2.899467
3.024785
3.224829
3.053941
2.966063
3.061132
3.330704
3.184114
3.360201
3.088120
2.922529
2.111534
2.449559
2.984090
2.738634
3.350810
3.445041
2.477907
2.400702
3.077681
2.523896
3.014441
3.049408
1.991233
2.448262
3.507226
3.104885
2.951263
2.464962
2.988343
2.924458
2.683354
2.635385
2.673418
3.498428
3.550430
3.379651
3.370537
1.029041
3.260310
3.239927
3.241083
3.077022
2.539531
2.825815
3.352157
3.382331
3.296494
3.631024
2.152531
3.015949
1.328550
3.005024
2.992596
3.202623
3.132177
3.018916
2.958089
2.319655
3.079740
3.510442
3.704520
2.972524
1.884813
2.850413
3.291967
3.354408
3.049558
3.616826
2.477795
0.961468
3.226106
0.852600
1.705919
3.136741
3.371292
2.588579
2.617175
1.147194
3.403240
2.199318
3.310162
2.394620
2.421733
2.841022
2.480790
2.623962
1.923765
3.221513
3.140190
2.913231
3.029694
3.734419
2.034190
2.964078
3.186532
2.942911
3.152741
0.644044
2.976418
3.034030
2.538524
3.170350
2.773185
2.249446
3.228066
2.858685
3.964630
3.434170
3.124005
3.586972
3.506431
2.923784
3.308316
3.485984
2.632272
2.434582
2.978413
2.240952
3.238463
3.565240
2.823201
1.571883
1.527188
1.264675
2.281674
2.524130
1.926212
3.335137
2.421333
0.781287
2.271594
3.215172
3.000786
3.261885
3.059607
2.790661
1.576941
2.374897
2.895213
1.616329
3.299456
2.854571
2.489598
2.242170
3.524768
2.941578
3.295777
2.989935
3.191983
2.676865
3.129571
2.547522
3.028851
2.342548
2.729869
1.488433
3.139274
1.499676
2.850207
2.807299
3.419657
1.851000
2.707288
3.431274
2.581421
2.949408
2.885213
3.198799
1.743509
1.666333
3.118035
2.248708
3.280523
3.050990
3.296884
2.633681
3.178967
3.291802
3.407815
3.468518
2.333875
2.130288
3.094307
3.602037
1.823318
2.889183
3.028991
2.721224
3.443681
3.152323
3.655564
2.982201
3.068674
2.967803
3.015951
3.086048
2.941870
3.432902
3.100446
3.441686
3.200776
2.285203
3.422082
2.768988
2.577691
3.112924
3.537979
2.896773
2.283013
1.159178
2.488873
2.003003
2.568099
2.503415
3.536007
2.873536
2.490783
2.826972
3.196696
2.564787
2.702114
3.430049
2.719388
3.287019
3.967126
3.004573
3.078170
3.315520
2.878334
3.695720
3.312244
2.941567
3.318616
3.289640
3.115670
3.146686
3.183147
2.910060
2.205115
2.146003
3.352279
3.168780
3.390759
3.132973
2.339252
3.303020
2.167600
3.375637
3.174078
3.172356
3.297075
2.672409
3.175108
2.547647
2.990751
3.035479
3.104491
3.026843
2.972259
2.589936
3.596891
3.220815
3.328134
3.119729
3.228819
2.910737
3.777674
3.197545
2.948250
3.039256
2.233788
1.834350
3.214800
2.574309
2.862308
0.510673
2.360561
3.234239
2.819711
1.443554
2.498536
3.051458
3.247996
2.213861
3.179937
3.383033
3.186077
2.811849
3.263621
3.468542
3.192382
3.363463
3.298253
2.695114
2.636257
3.106477
2.062092
3.337277
2.269938
2.450846
2.468604
3.099930
3.132075
3.290302
3.177459
2.348498
3.104721
2.685007
3.176327
2.576344
3.178138
3.226942
3.132271
2.756171
2.184679
2.909032
3.396511
3.183833
3.114599
2.495136
2.202865
3.256869
2.968324
2.757133
2.850377
2.405073
2.877063
1.647835
2.559090
3.192412
2.826006
3.387209
2.912423
3.187873
3.086331
3.876824
2.115072
2.989774
2.969131
3.811784
3.104856
2.644426
3.296843
2.518880
3.447313
2.086146
2.088823
3.408287
3.228803
3.189163
2.997788
2.427218
1.056036
3.010239
3.197257
3.299691
1.969070
3.064058
2.790085
3.306726
3.107636
3.384833
2.450044
2.626578
0.611819
2.671210
3.086565
2.776765
3.191428
3.179324
2.218879
3.321891
1.396914
3.550631
1.820703
3.167714
2.740038
3.076297
2.894181
2.504681
3.138785
2.814732
3.139295
3.091213
3.175178
3.166828
3.035083
3.296780
2.633447
3.005304
3.212373
3.155486
3.176348
3.243591
2.234059
1.973883
3.312078
1.596826
3.361771
2.397055
3.117635
3.473562
2.269311
2.750726
2.475680
3.173994
3.444172
2.378416
3.236167
2.879177
3.322576
3.166578
3.105063
1.894860
2.573409
1.660347
2.631694
2.961974
3.405440
3.684722
3.208660
3.778691
3.733030
3.184005
2.360826
2.302258
3.358906
3.394168
3.043794
3.153451
3.082330
3.179789
2.563285
3.555682
2.575179
2.129912
2.667936
1.984608
3.050085
2.611227
2.988691
3.158074
3.484982
2.027488
3.358024
2.335350
1.035077
2.610640
2.521322
3.323323
3.166662
3.520695
3.291658
2.946954
3.315024
3.674738
3.514409
3.176695
3.086431
2.992706
3.402963
3.295106
3.530644
2.095710
2.442380
3.287075
2.567710
2.096448
2.446212
3.228447
2.350028
2.350811
3.181138
2.616482
3.064889
3.464337
2.337892
3.390934
3.287615
3.184796
3.377741
2.454022
2.501223
3.179442
3.328029
1.991928
3.354970
3.366274
2.235944
3.290859
2.533851
2.107921
3.351601
2.669793
3.081748
2.210838
2.446767
2.744741
2.105474
3.349337
2.719093
3.287639
2.460582
3.265819
3.434765
3.158397
3.284648
2.954315
2.625005
3.366124
2.419812
1.912422
3.430934
2.384463
3.383824
3.285635
3.139029
2.764796
3.510025
3.070385
0.662789
2.929145
3.253513
3.697871
3.293157
3.526100
3.181577
3.434361
2.632904
2.631580
2.981476
3.239944
3.337417
2.658297
2.952990
3.294472
2.977552
3.201839
3.022696
3.292567
3.017097
2.597804
3.130127
2.378044
3.494359
2.936911
2.906719
3.075903
2.890345
2.656227
2.754781
3.203150
1.563534
3.143147
3.317801
2.009400
2.711527
3.288735
2.939052
3.313819
2.594785
2.369938
2.319823
3.091675
1.528432
3.317642
2.648343
2.454863
2.743376
3.155796
2.343266
3.247121
3.260414
3.164679
2.067442
2.954224
3.145005
1.202237
3.429147
1.638371
3.018629
2.615026
3.143594
3.122043
1.637651
3.295412
3.115830
3.375624
3.032576
1.538817
1.683315
3.722245
2.597372
3.959010
2.863016
2.821537
3.672927
2.094169
2.949392
2.772934
2.951585
3.286501
3.414348
2.325857
2.586703
3.518154
3.530990
2.759527
2.369597
3.394468
3.236370
3.801153
3.360754
3.204483
3.293352
2.771130
3.003782
3.087175
3.093599
2.763371
3.269327
1.981274
2.327483
3.204764
3.367988
3.342466
2.646860
3.166163
3.432228
2.615140
2.439489
3.181901
2.917426
3.791650
2.934793
3.031464
2.677035
2.563962
3.234939
3.295517
2.182096
3.160581
2.734353
3.001637
2.941381
3.135393
2.786057
2.227750
3.550157
2.209428
2.743575
2.897032
3.650099
2.740745
2.367735
3.552705
2.364012
3.361775
3.236559
3.001718
3.333221
3.433071
1.360971
3.286766
2.243306
2.963088
3.239031
3.186752
0.696261
3.121882
2.110454
2.194090
3.184396
2.774102
3.286338
3.010498
3.108752
2.807078
3.349761
2.874214
2.771459
3.160744
2.649061
2.844086
1.938897
2.904693
3.287238
1.398869
3.202968
3.409829
3.014518
3.069132
3.239070
3.251568
3.329109
1.468090
2.550644
3.137922
3.286054
2.158090
3.171783
3.089095
3.167641
3.556108
3.105347
3.696490
3.102697
3.422663
2.533776
1.781530
2.397625
3.672807
2.431440
3.340340
2.384778
1.632561
3.194903
2.637002
2.345709
3.704953
3.042242
2.687534
2.600194
2.608437
1.572499
2.808983
3.231550
2.956530
3.091305
2.845758
2.714283
2.804432
3.022875
2.947889
2.240328
3.097585
2.481036
2.165845
3.279269
3.008112
3.494468
2.062873
3.191171
3.200747
2.558826
1.553534
3.041060
3.305590
2.632198
2.480926
1.685111
3.290313
2.325738
2.492561
3.185982
2.237833
2.367093
2.424430
2.452882
3.243624
2.011478
3.494820
3.045425
3.512849
3.264780
3.523715
1.995839
2.767029
2.683374
3.225591
2.913572
3.611351
3.463239
1.835559
3.193520
3.920935
3.133973
3.125947
3.306196
3.524322
2.619510
2.034356
3.120389
2.799050
2.716103
2.720213
3.464063
3.247730
3.254689
3.452152
3.548808
3.161002
2.130915
3.102015
3.203093
3.329327
3.366443
2.916495
2.882114
2.852088
1.913751
2.334731
3.245444
1.478578
3.278729
3.212661
3.070280
3.416901
3.222073
3.376028
2.141742
2.891939
2.150174
2.801067
3.133291
3.044488
2.914833
3.125933
3.299234
3.400194
3.614390
2.666732
3.061255
3.180751
1.920027
3.354317
3.140679
3.091413
3.288717
1.857423
2.956574
2.921185
3.100701
3.149586
2.514593
3.213228
3.662177
2.922192
2.937225
2.673442
2.557244
2.319107
3.603472
2.290929
3.226799
2.691278
2.622067
2.549967
2.016142
3.166744
3.309061
1.478067
2.879553
2.745341
2.802872
3.090297
2.816048
3.053443
2.357668
3.055813
2.919682
3.159449
2.852508
3.241842
2.496804
3.305206
3.622884
2.192630
3.507321
3.340377
2.695625
2.769283
3.202407
3.407948
2.520751
2.564993
3.396426
2.002323
2.381310
3.420834
3.191556
2.647663
2.825937
2.679455
2.820943
2.189895
2.421443
3.255283
2.672031
3.284797
3.197885
2.360072
2.891439
3.281739
2.911625
2.734924
3.181437
2.544142
1.815231
2.121176
2.917576
3.294003
2.287465
3.000625
3.009644
3.586680
3.068247
2.358633
2.579730
3.188686
2.856619
2.107105
2.733362
2.471447
3.234521
3.170373
2.658166
3.077447
2.449102
3.322798
1.817354
3.084082
2.831509
3.239361
2.300324
3.263082
3.160310
3.235570
3.455799
3.119061
2.738997
3.428491
3.245462
2.615773
2.267547
2.605890
1.802721
2.451564
2.858560
3.239145
1.411050
3.052954
3.439506
3.355994
3.074508
3.113089
2.322001
3.119629
3.181068
3.215334
2.517048
2.876359
3.359527
2.811862
3.295669
3.138121
2.316139
3.001865
2.137417
3.242269
1.138805
3.014070
3.119637
2.714033
1.933529
2.981568
2.942822
3.564985
3.345443
2.850907
3.286735
3.154257
3.285012
2.885671
1.816924
3.032604
3.250100
3.278058
2.369772
3.123200
1.911340
3.037629
2.845372
1.449126
3.700220
1.434805
3.344950
3.184523
3.340509
3.112523
3.005803
3.189770
2.853791
3.354599
2.841178
3.492067
3.247841
1.981957
2.734533
2.327933
3.097203
2.746873
2.090189
2.651984
1.729101
2.435385
2.214105
2.902373
2.161898
3.459567
3.305618
2.705400
1.814702
1.741924
3.552201
2.738185
3.001195
3.225541
3.452239
2.785750
1.789982
3.407779
2.974086
3.481364
3.209529
3.344544
1.094440
2.623946
3.193104
3.114881
3.180633
3.007997
2.667622
2.959418
2.892923
3.206832
2.660519
2.772542
2.656711
2.657082
2.711160
3.674936
3.119345
3.170647
1.600312
3.219194
2.282615
3.036377
3.174149
1.978545
3.186882
3.183303
3.394797
1.543086
2.655096
3.274252
2.035382
2.193192
3.283519
2.490838
3.505926
2.850361
2.538753
3.677713
2.816224
2.735289
2.680679
1.883990
3.282599
2.845643
2.753371
3.521923
2.963050
3.715336
3.227443
2.908717
2.536016
3.244776
2.344990
2.598091
2.287417
2.792827
2.686693
2.746472
3.495745
3.011757
2.301081
3.155280
2.618300
3.293290
2.476067
2.952304
2.710650
3.198795
2.246047
3.414257
2.137445
2.922777
3.304601
3.166808
2.662841
3.037257
2.194563
2.581568
2.145707
2.322382
1.687905
3.177861
2.509776
2.569655
3.081107
2.516492
3.006862
3.708319
3.133743
2.849126
2.591486
3.239844
1.937222
1.694313
3.213655
2.795326
2.728446
2.491707
2.111912
3.006858
3.519026
2.345811
3.305891
2.703393
1.744243
2.533071
3.189776
3.274772
2.236158
3.207087
3.001269
3.245480
1.869668
2.107550
3.312746
3.362790
2.429195
3.294006
2.620080
2.678580
2.883031
3.287254
3.009982
3.475753
1.530168
0.776870
2.862366
3.033259
1.753001
2.375761
2.136926
1.279323
3.298543
2.368056
3.040920
3.316884
3.485957
1.990791
3.212151
2.816194
2.337152
2.561867
3.111648
2.466153
2.343315
2.745379
0.180790
1.728546
3.188086
3.224096
1.668511
2.172171
3.354291
2.584004
3.263762
3.307029
3.282419
3.164678
2.758084
1.448238
3.308123
3.177706
3.241824
2.190496
3.205019
3.179243
2.632891
2.422808
2.752670
3.075502
3.169431
3.131945
3.351515
2.202392
3.305813
3.531549
3.131917
2.893152
2.705310
2.703595
3.354210
2.680483
2.776560
2.960994
3.142280
2.241644
2.452079
3.196978
3.120761
2.941557
3.210670
3.128611
2.681605
3.055677
3.135698
2.983622
2.410222
3.172854
2.872846
3.324733
2.601894
1.692506
3.540252
3.090014
2.948915
3.232510
2.444975
2.895518
3.220329
3.236654
2.810353
2.541928
3.091360
2.395298
2.451501
2.786765
3.230918
3.362545
3.172737
3.065544
3.161984
2.496629
3.307873
3.400580
2.602475
3.217984
3.180908
2.009482
3.234534
2.396108
3.331803
2.729586
2.085150
2.985886
3.307810
3.240461
3.211030
2.547952
2.318242
3.519947
3.040670
2.138702
2.909626
1.955395
3.204859
2.612258
3.089957
1.272811
3.343528
3.289413
2.628050
3.065192
3.654939
3.055263
0.959762
1.067829
2.445141
2.444363
2.734383
2.887308
2.859606
3.179416
3.370548
1.689232
3.435627
3.082342
3.226232
1.109362
3.563410
2.518168
3.315765
3.342585
2.491037
2.336364
0.844877
2.672851
2.694572
2.669790
2.749588
3.108228
1.916006
2.885148
2.331139
2.279617
3.206529
2.804684
2.970781
2.951826
2.645090
3.356902
3.128656
3.292453
3.363687
2.528008
1.421554
1.246334
3.378627
2.044464
2.365652
3.404536
3.088329
1.908320
2.388941
3.404944
3.732615
3.121915
2.970199
3.193055
3.178717
2.227714
2.506035
3.315920
2.867407
2.900070
3.594469
1.718246
2.106708
2.739054
3.292177
2.814358
3.193177
3.032256
2.931607
3.407554
3.341735
1.197576
3.352908
2.148088
3.298028
2.991191
3.324670
2.654389
2.365751
3.054345
3.255760
3.321368
3.132746
3.349191
2.564596
3.451256
3.110412
2.998513
3.092472
3.172280
2.952415
3.051387
2.482663
2.317187
2.024502
3.173393
3.299084
3.171759
3.191001
2.654825
2.925958
3.653701
2.599810
3.292365
3.579042
3.188047
3.697579
3.289033
3.081353
2.551918
3.209207
2.902859
0.677141
3.130980
3.421812
3.166098
3.093374
3.252888
2.763049
3.232681
3.289777
3.249105
2.263207
3.423368
3.175937
2.106735
2.711321
2.747078
3.484415
3.330852
2.767724
2.672432
2.287075
1.987894
3.142945
2.582065
2.089258
3.339640
3.288574
3.044303
2.133791
3.244481
2.951752
2.747148
2.997951
3.646995
2.196824
2.744778
2.356363
3.478925
3.197279
3.140654
2.951274
2.965642
2.922131
3.331648
3.644987
2.855648
2.942712
2.896647
3.355276
1.421600
2.797903
3.472756
2.845508
2.920198
3.067926
3.050949
3.299523
2.795988
3.284788
2.244517
2.325225
0.879479
3.607379
2.997307
3.101892
3.499972
2.709124
2.127956
3.488838
3.471895
2.393535
2.698215
3.182143
2.952478
3.076212
3.788984
2.531069
3.028527
2.892915
2.036724
2.388294
3.343757
2.652060
2.666769
3.011380
2.439094
3.297009
2.420869
3.211304
2.530976
3.182271
2.237409
3.266661
3.350894
2.433664
3.290136
2.621296
3.302556
2.941564
3.578584
3.194182
3.716870
2.520189
3.278096
2.960141
1.343107
2.970066
3.307329
1.554913
3.264137
3.228974
2.744257
2.113649
2.397326
3.072611
2.510804
2.266114
3.203360
2.851925
3.095062
3.115442
3.311610
2.317166
3.286827
2.262015
3.417546
3.161702
3.147298
2.317593
1.941763
3.755951
2.478789
3.281520
3.326158
2.560952
3.090395
3.293231
3.018489
2.727980
3.080779
3.141141
2.053543
2.284403
1.407125
3.220106
2.735883
3.293216
1.951148
2.625359
3.600902
3.313169
3.290156
3.194563
3.514141
3.539584
3.755474
2.527741
3.170854
3.145991
2.383951
3.085170
3.168966
2.998789
3.285211
3.599681
3.408854
3.230756
3.109661
2.301060
2.646340
2.981532
1.188399
2.932024
2.746977
3.358961
2.699390
1.644578
3.863687
2.952512
3.123392
3.193791
2.386250
3.251500
2.063916
2.240866
2.512263
3.063926
2.216803
3.039474
3.706946
2.106969
2.329624
2.131067
3.046199
2.350006
3.066407
3.525213
2.090618
3.545673
2.864847
1.781532
3.425983
3.178676
3.222906
3.189343
2.808937
2.597460
3.006815
2.390633
2.451482
2.939314
3.215755
3.081643
1.102642
3.228977
2.336595
2.387781
3.159577
2.548761
3.173636
3.334164
3.092964
2.798302
2.596510
2.357896
3.075180
1.803336
3.378686
3.645729
3.178412
3.208031
3.257505
3.137840
2.376944
2.568646
2.968164
2.682197
3.189138
3.247117
2.579420
3.036623
1.473006
3.575519
3.720214
2.542515
3.451948
2.757533
2.421815
3.205618
2.718977
2.587962
2.935613
3.184904
2.855022
2.601594
2.280810
3.134222
2.459356
3.147860
3.126251
3.200228
3.709152
3.050977
3.112718
3.154475
3.180191
2.859608
2.938076
2.068280
3.260320
3.020643
3.268119
2.242327
3.209993
3.226776
2.808565
3.286150
3.509565
3.252388
2.696433
3.074128
3.287680
1.482456
2.466207
2.656228
3.029422
2.595831
3.126028
3.224096
3.448432
3.390586
2.426342
3.550688
2.723059
4.006788
3.226366
2.610182
2.983538
2.901127
3.119520
2.672337
2.204434
2.067103
2.091689
2.340667
3.572739
3.268775
2.187741
3.175899
3.285690
2.886223
3.018263
3.321480
2.832452
2.678623
2.353602
3.154127
2.241094
2.835396
2.715509
3.285337
2.857203
2.507166
3.240708
2.463737
3.179605
3.233008
3.249892
2.586157
2.115169
1.869605
2.862837
3.148013
3.428112
3.628269
1.864527
3.431927
2.871773
2.137731
3.720512
3.018447
3.954146
3.311124
2.856494
3.140427
2.378407
2.730587
1.640347
3.220142
2.969524
1.039835
2.708311
1.664377
2.696977
2.957376
3.295374
3.155728
2.852642
2.652904
2.692550
3.114795
2.620373
2.645860
3.717795
3.003921
3.414938
1.100361
1.533239
0.453504
3.105569
2.850438
3.257904
3.303810
2.217648
2.731994
2.517873
2.278465
3.617554
3.009108
2.046126
3.403366
3.394416
3.002306
2.912371
3.208748
1.477984
3.503720
3.470600
1.917379
2.835674
3.002858
3.361506
2.941004
2.137012
3.275661
3.203554
2.132740
3.644687
3.190824
2.534392
2.409789
2.904348
3.311942
3.063933
3.232619
3.239156
3.209676
2.883199
2.303123
3.450270
2.801966
3.220178
2.709556
3.322127
2.083691
3.383265
1.554548
3.351576
3.296750
3.168790
2.513374
3.028432
3.130993
3.579423
3.262091
2.927706
2.884402
2.942794
3.088148
3.088306
2.564531
2.279261
2.187052
2.420970
3.160572
2.314545
2.294968
3.135685
1.590884
3.438346
2.902673
3.337451
3.599772
3.156086
3.670247
1.615500
2.270454
3.144917
3.177316
2.517281
2.924346
2.974843
3.252617
3.020193
3.228501
3.327878
2.357145
2.627468
3.247468
3.188951
3.076971
3.045420
3.202521
3.176609
3.170659
3.106580
3.629386
3.146954
3.098477
3.538644
3.269116
3.170483
3.038942
2.996778
3.344561
1.980802
2.153657
3.331834
3.382698
2.536798
3.539247
1.463814
1.987730
2.996919
1.899748
2.759704
2.739037
1.828541
2.775764
3.016484
2.467786
3.710290
1.926614
3.088199
2.579099
2.464428
2.976739
3.251251
3.599136
2.185545
2.107776
2.747827
3.047851
3.237028
1.591063
2.967716
3.289690
2.561899
3.291333
3.292105
2.804299
3.606184
2.399035
3.150392
2.471427
2.469347
3.294736
1.537245
2.152203
2.302194
3.337072
2.717191
2.437380
3.283892
3.141558
2.748891
2.631437
3.236260
2.392031
2.317545
2.254929
2.076693
2.921612
2.995024
3.330928
2.699546
3.163924
2.546106
1.645708
3.591759
3.302739
2.534382
1.147019
3.005054
2.226753
3.320645
3.176169
2.564399
3.125630
3.123399
2.881101
3.068596
3.145702
2.207779
3.286646
3.209384
2.872372
3.157536
2.211382
1.392623
3.294047
2.762050
3.037484
1.819650
3.403608
3.055113
3.091022
3.499979
2.753316
2.242089
3.342872
2.800995
2.458359
2.520532
3.255206
2.597971
1.298475
3.548952
2.556490
3.081460
3.482363
2.209616
3.379017
3.248068
2.929171
3.331465
2.600096
3.178027
3.321167
2.835498
2.696779
2.483731
3.411499
2.841882
2.578302
3.176325
2.536888
1.974858
3.301061
3.110647
2.683217
2.813279
3.331252
2.426750
3.488634
1.166803
3.430982
2.048091
2.313698
3.188713
3.530049
2.323124
3.191879
3.260876
3.074494
2.126586
3.293048
3.406795
3.135833
2.744568
3.118289
3.111818
2.865546
3.001927
3.205269
3.168325
3.407125
2.420842
3.179967
2.005080
2.605329
2.907119
2.647497
3.722531
2.960870
3.313464
3.336900
2.616297
2.447692
2.474660
1.763503
2.991257
3.109660
2.412082
1.005300
3.283539
1.539097
3.075277
2.776602
3.279793
1.741448
2.333047
3.347655
1.662515
2.601769
3.674398
2.307741
2.653782
3.377619
3.503685
2.497012
3.204290
3.054883
2.902048
2.287481
3.209193
2.123581
1.953008
3.588665
3.440828
2.918983
2.832088
2.500122
1.625072
2.285715
2.644742
3.049820
2.189341
3.077324
1.690014
1.348838
3.219087
3.204435
3.402339
2.172270
3.271416
3.617174
2.601562
1.614401
1.360533
3.303546
2.904336
2.851654
3.693905
2.818717
3.171495
3.157871
3.062005
2.770113
3.576926
2.313231
2.697084
3.038126
2.683180
2.942266
3.440657
3.114428
3.352341
2.182302
3.307953
3.292938
3.172874
3.194100
2.620831
3.291786
2.627920
3.241524
2.737504
2.766457
3.172649
3.650150
1.225645
3.137486
2.402090
2.436890
2.205949
3.372513
2.515403
3.126801
3.547945
2.534136
3.101010
3.345190
3.098399
2.811497
3.680335
1.597212
3.423196
3.176122
3.139616
2.730454
2.904381
3.518939
3.100803
2.140603
3.217430
3.193776
3.185522
2.823184
2.593890
2.245346
2.806147
3.386146
2.672321
2.987367
2.215122
2.513933
2.911802
3.167473
3.193280
3.323758
3.204216
3.130679
3.299934
3.319714
2.595116
3.002999
2.066717
3.167763
2.906277
3.388755
2.250164
3.631148
2.599515
3.358482
3.634350
3.346612
3.197697
2.783901
2.324158
2.473692
2.543573
1.898464
2.690057
2.056157
3.275255
3.546906
3.646272
2.833948
1.780595
3.213952
3.454497
2.656173
2.233725
3.296672
3.173638
2.896597
2.998947
3.474017
2.541547
3.144011
2.810506
2.711769
2.890952
0.665467
2.842161
3.431608
3.309731
3.580578
2.769291
3.240662
2.671382
3.117528
2.264731
1.890710
2.589044
2.878186
1.071027
3.156354
2.876631
2.157229
2.301267
3.081896
2.471411
2.974242
2.787916
3.137120
3.293810
3.195725
2.279132
3.104514
3.669149
2.148908
3.364596
3.197169
3.684444
3.184266
2.995786
2.219781
2.373175
3.106298
2.509466
2.044230
2.791690
2.856654
3.274954
2.523455
2.216413
3.374093
2.241617
3.536704
3.306589
2.503518
1.123073
2.975691
2.329705
3.439153
2.342218
2.299609
2.215004
2.521223
3.424856
3.295390
2.923033
3.418202
2.607086
3.584758
1.693889
1.938860
3.378837
3.247084
3.131639
2.877981
3.170429
2.298536
3.088379
2.129496
2.619772
2.407010
3.115357
2.863139
2.830979
3.102586
2.050034
3.178594
1.875142
2.989996
2.028540
2.931756
3.336064
2.834800
2.411345
3.074343
3.186474
2.147614
3.635222
2.637017
1.950311
3.508352
3.067348
3.327898
2.998094
3.360825
2.994367
3.293865
3.174448
2.598088
3.499159
3.232270
2.879032
3.181991
2.774049
1.788931
3.177723
3.356238
2.621985
3.337566
1.693319
3.268916
3.106937
2.131950
2.595561
2.558028
3.137226
2.259727
1.947984
3.385769
2.931272
2.123374
3.169790
3.156341
2.615031
3.489020
2.203573
2.660274
1.999167
3.546607
2.382329
3.318771
2.178867
2.609879
1.770142
1.803428
2.076584
2.959718
2.152735
2.983102
2.884187
2.698893
2.521023
2.756932
1.923968
2.379251
2.746835
2.028924
2.950858
3.089355
3.009628
3.737966
2.839390
2.858075
2.277071
3.170429
2.569234
3.292900
2.601199
3.126425
2.299808
3.286805
2.229462
3.051875
3.192431
2.481519
3.297712
3.440230
3.403786
2.429784
2.881003
3.235349
3.537887
3.538181
2.809224
1.896223
3.310669
0.741448
2.661943
2.930705
3.233549
2.218866
3.050236
3.135770
1.561029
2.411664
3.400477
3.417449
1.239266
2.257213
2.835937
2.934806
3.146645
2.558375
2.742563
2.573874
2.748203
1.065320
2.559731
2.263803
2.871770
3.177578
1.321692
2.778380
2.752843
3.316387
2.106863
3.321315
2.677839
2.283252
3.707193
3.359766
2.513864
2.975495
2.604750
3.090860
2.990053
2.539022
1.886020
2.202810
2.311668
3.118271
3.804109
2.454338
3.145828
3.078860
3.150327
3.075733
3.290324
2.829084
3.481550
3.284306
2.482693
2.224596
3.214661
3.104946
3.745940
2.714626
2.419761
1.796403
3.175863
2.908174
1.133155
3.056627
2.021527
3.383235
3.058859
2.670493
3.265713
2.543030
2.591720
3.368798
2.659631
3.247681
2.058342
3.291460
2.003023
3.217063
3.460061
2.296226
2.851970
2.010260
2.520345
3.119317
2.037376
2.852110
2.807757
2.814517
2.961263
3.176728
3.126120
2.099934
2.654147
3.336469
2.071017
3.094992
2.888403
2.578392
2.930569
3.693362
2.019859
3.382186
3.192152
3.520442
2.860787
2.727753
3.258956
1.918578
2.570935
2.616966
3.107840
3.296022
2.653018
2.549103
1.531601
2.931634
2.428885
3.222460
3.782952
3.431355
3.170830
2.526695
2.940296
3.386086
3.201149
3.502693
2.476364
0.561756
3.163370
2.292682
3.206598
3.294554
2.766783
2.802034
3.317747
3.180825
2.547480
3.181931
3.206811
1.688790
3.565153
3.452309
3.297280
2.147549
3.046282
2.407133
2.091804
3.000030
2.886597
2.287030
3.499073
3.464685
3.298756
2.850793
3.343583
0.335731
2.677156
3.242031
2.473213
2.881946
3.298749
2.269296
2.833524
3.186078
3.590949
3.250152
3.269687
3.013995
2.665632
3.626820
3.212980
3.005062
3.286216
3.178701
2.678106
2.635579
3.283238
2.556534
3.173661
3.180632
3.447665
3.182308
2.659661
0.717683
3.207800
3.285309
2.785556
3.232379
2.597305
2.342665
3.031036
3.295615
2.732919
3.264102
2.729319
3.267892
0.964029
3.295287
0.844498
2.665414
2.727808
2.133820
3.096396
2.386801
2.716216
2.959662
2.821998
2.743804
3.092017
3.208944
2.715504
3.288751
2.068150
1.916304
2.996320
2.485294
2.956837
2.912504
2.626399
2.620244
3.146786
2.505629
3.133311
2.331280
2.372407
3.450468
2.056732
2.518101
3.235613
3.623247
3.132671
3.338819
3.095872
3.050459
2.547939
3.240612
2.366664
1.894289
3.078542
2.850438
2.908740
2.684341
2.680554
3.614139
2.664799
2.417061
2.671158
3.608765
2.942680
3.174005
2.579156
1.886532
3.333711
2.992426
3.256232
3.047308
3.323357
3.283440
2.758935
2.962389
3.497032
3.293517
2.799966
2.773136
3.176435
2.468195
2.489461
1.799229
2.659857
2.703926
2.444837
2.248737
3.195147
2.532696
2.820413
3.436677
1.052778
3.537061
1.414441
3.324978
2.738098
3.096626
2.960186
3.162837
2.527694
3.176819
1.967131
2.182626
1.444278
2.834436
2.742963
0.842183
3.211775
3.176449
2.857324
2.371108
3.122002
3.367086
3.179610
2.603850
2.364534
2.678217
3.048960
2.770851
1.732929
3.418423
3.538350
3.053094
2.052206
3.271180
3.284962
3.288458
3.497044
2.525953
2.406909
2.484023
3.307215
2.416286
2.973738
3.292803
3.524010
2.237550
2.043744
3.165309
1.201300
3.330530
1.421315
2.940370
3.242787
0.674839
3.336257
0.369493
2.505767
3.191066
2.694916
3.100965
3.400013
3.008168
3.420998
3.129578
3.249392
2.756650
2.802617
2.652669
2.953338
2.036739
3.068315
2.262822
2.573146
3.042360
3.256042
3.324022
2.951727
3.295989
1.083340
2.664566
2.139574
3.115590
2.992280
3.431202
2.494328
2.856036
3.494486
3.179558
3.535119
0.547931
1.853554
2.035048
3.184247
2.507083
3.102967
2.712990
3.216342
3.244136
3.289407
2.842887
3.038038
3.225455
2.326728
3.391605
3.293573
3.336107
3.133163
2.607303
3.348131
2.119597
2.527779
3.185973
3.373281
2.236693
3.114745
3.102147
2.567295
2.156357
2.402488
2.431084
3.293648
2.366526
3.554427
3.218985
2.921070
3.164243
2.584588
2.001419
1.828978
3.295150
3.020360
2.341831
2.547365
3.052747
2.443699
2.668267
2.692074
2.509102
2.536067
3.062792
3.028513
1.481581
2.403387
3.303682
2.837374
3.149356
1.447811
3.226712
3.148857
2.994401
2.871130
3.280200
2.749608
2.494629
2.311298
3.152053
2.295976
3.239576
3.061816
3.010231
3.756144
3.060151
2.507893
2.205889
2.804244
3.451578
3.219880
2.032007
2.634586
3.034612
1.593942
3.247935
2.999827
2.981822
3.271434
2.856132
3.316867
3.546685
2.536251
3.246626
3.141416
2.631384
2.448624
3.514782
2.913091
3.353873
3.268768
2.127009
1.876668
2.216017
3.046424
3.162850
3.079112
2.413532
3.536820
2.074604
2.602908
3.195549
2.471323
2.793635
1.898026
2.920676
2.308651
3.296115
3.246490
2.616127
2.026849
1.569272
2.871257
3.167291
3.287744
3.378304
3.537091
3.167098
3.042501
2.795264
3.734432
3.031038
3.672196
3.357978
3.030121
2.858639
3.188208
3.261981
3.071008
2.827238
2.475833
2.056614
2.909208
3.189716
1.444370
2.853224
2.213953
2.683078
3.486218
2.949717
3.019362
2.299819
3.279674
2.348383
2.350578
2.736421
3.528250
2.576538
2.824916
2.978536
2.567978
2.916849
1.765256
2.898614
1.355157
3.372036
2.988340
1.053448
1.297585
2.600194
2.822935
2.670304
3.168091
2.627070
2.236843
3.027328
3.289957
2.014402
3.120374
3.520791
2.051292
2.914083
2.881226
2.924832
3.090598
3.501145
1.918807
3.393733
2.494523
3.045230
3.064411
3.325613
3.188818
2.916687
2.390534
3.335104
2.414417
3.239283
3.179879
3.048515
3.660034
3.109836
2.419650
3.320258
2.309184
3.112233
2.871530
3.322125
3.168134
3.039590
3.305360
3.477915
3.013956
2.804783
1.918408
2.791874
2.590009
2.458575
3.069969
3.232828
3.379963
2.909734
3.320953
2.112488
1.872992
1.935294
3.255647
3.185280
3.060856
2.665333
2.696837
3.438141
2.833620
3.592587
2.541631
2.819334
2.115441
3.616641
1.900245
3.088609
3.249100
3.122311
3.290682
3.549008
2.615605
2.838101
2.734806
2.086951
2.954661
2.937441
2.363524
3.284659
3.301291
2.739893
3.420061
3.292332
3.409787
3.188739
1.989332
3.568854
3.417706
2.840526
2.798740
3.084719
3.180875
1.779465
2.737584
2.416720
3.104277
2.916966
3.147173
3.299134
3.240819
2.623794
3.173988
2.817060
2.492125
2.883268
2.181421
1.268851
1.963027
2.925994
3.280432
2.506045
3.221854
3.708482
2.388237
2.378163
3.119197
2.792148
2.713993
2.834556
3.435505
2.374622
2.476299
2.565423
3.213344
2.407883
3.178898
3.185797
2.365419
2.774118
3.222056
0.389039
2.908265
3.282708
3.182231
3.327796
3.273222
3.418000
3.108606
3.341034
3.287450
2.964589
2.071678
2.723911
3.383693
2.719263
1.651262
1.637410
3.111015
3.039089
3.249002
2.354919
3.299319
2.814144
3.085886
3.193773
3.449214
2.819988
2.901750
2.499071
2.874490
3.326512
3.168771
2.897149
3.253501
3.286661
3.221331
3.292704
3.254607
2.539452
3.205879
3.251212
3.644565
3.337229
3.072950
2.783928
3.288281
3.051948
2.037904
2.431619
1.974286
3.166271
3.451795
3.408309
3.702490
2.693497
2.443581
1.514736
2.662480
1.370242
3.078013
2.514493
3.184384
2.308257
3.181840
2.687607
2.094754
3.349827
2.577130
3.283481
3.220000
1.776833
2.289521
2.428611
3.293872
2.800700
2.919728
2.259025
1.553456
1.622359
3.628100
2.476763
2.883868
1.564106
2.898222
3.382220
3.109951
3.490024
3.124016
2.505618
2.513979
3.375162
2.972841
2.393544
2.636167
2.399470
3.176472
2.997715
2.311120
2.162144
3.106931
3.078146
2.556167
2.726313
2.771692
2.978952
3.001004
2.760562
3.404639
1.616063
3.334188
3.078406
1.865096
3.069931
2.759865
2.858880
3.183915
3.325861
2.339316
3.751263
1.923668
2.936873
2.836672
3.102728
3.029112
3.166163
3.408433
2.379969
3.117142
3.053684
3.579644
3.109544
2.504655
1.653879
3.101135
2.529575
2.575180
3.108416
3.166437
3.170948
3.512286
2.499849
3.208407
1.486847
2.659241
3.420125
3.298620
3.292210
3.341316
2.202061
2.456243
3.354257
3.124159
2.492923
3.258240
2.873216
3.302090
1.542177
3.095026
2.680359
2.954778
3.481046
3.286568
2.604205
1.652149
2.312563
2.555622
2.438903
2.769042
2.444973
3.361745
3.161133
2.786412
3.704975
3.285012
3.617029
3.049962
2.586675
2.461750
2.343089
2.451675
2.386939
1.815884
2.334015
1.952722
2.589348
1.264138
1.626700
2.330286
2.788303
3.328876
2.830485
2.978731
2.721354
3.177590
3.280338
3.086139
3.147434
2.447370
1.697021
2.752798
3.545220
3.000761
2.756714
3.476724
2.352592
3.530574
2.613812
3.697506
2.625590
2.784394
2.264090
1.864458
3.208814
2.024516
2.319378
2.597867
3.240628
3.311111
3.259795
2.278113
2.698703
3.531342
2.771084
3.378532
2.515582
3.223175
3.278911
2.544871
3.154567
2.450598
3.181430
2.781130
2.901269
3.180948
3.175468
3.162440
2.527666
2.233022
0.712310
2.989043
3.291157
3.278681
2.818540
2.182335
3.294325
3.164711
2.090750
2.903286
3.130942
3.644455
3.282894
2.469407
1.994808
2.582128
2.737993
2.105919
3.249968
3.177338
3.242252
2.331221
3.211147
3.241456
3.144200
2.540386
3.329577
3.172717
3.684915
3.295371
2.679626
3.509881
2.232408
2.931864
3.430636
3.178793
3.292651
3.324420
2.883433
3.189592
3.436884
3.035058
2.739342
2.421437
3.423496
2.963916
3.161409
3.514353
2.388835
3.239889
3.322433
2.216153
3.298167
2.078336
2.483377
3.186352
2.998791
1.791227
3.094040
2.311166
3.220407
3.347432
2.490861
2.654732
2.974445
3.084195
3.198616
1.897029
2.430840
3.482283
2.815563
2.751465
3.172380
2.938799
2.775889
2.155692
3.025113
2.665923
3.214635
3.187561
3.410853
3.757196
2.777581
3.045876
2.907174
3.066311
2.836915
3.349266
2.950010
3.184519
2.559545
1.250307
3.115542
3.424167
3.974525
3.098106
2.518012
2.811220
2.314320
2.706828
3.151091
2.821696
2.761446
3.151729
3.269179
3.019099
3.132302
3.464587
3.499121
3.169991
2.975112
3.203579
2.234135
3.228649
3.100006
2.186877
2.942913
3.306600
2.654210
2.027571
2.770681
2.559976
3.094477
3.412234
1.866186
3.295539
3.303786
3.244641
3.679917
3.207968
3.178430
2.694150
2.315052
2.271844
1.964612
3.412725
3.365196
2.036950
1.555650
3.046661
3.041793
2.401893
2.518047
2.411661
2.088897
2.149150
2.310199
3.260483
2.822166
2.837716
2.726552
2.716705
2.650585
3.120820
0.657433
1.013978
3.275071
3.560160
2.930455
1.592069
3.418536
2.854097
2.597250
1.872509
3.133755
3.400595
3.585683
3.376790
1.171899
3.432459
2.354278
3.056714
3.093685
3.680571
2.782278
2.533203
3.016377
3.301339
3.067475
2.033442
1.559581
2.561996
3.562176
1.900410
2.856209
3.232995
2.505586
2.941492
2.401625
3.141425
3.160184
3.008580
1.395240
1.373196
3.523223
3.176988
3.274314
3.289809
2.870125
2.853714
3.491174
3.622297
1.542013
3.296182
3.493591
2.511172
3.063536
2.699811
2.867309
2.828858
3.179049
2.438840
3.047670
3.081734
3.248087
1.967383
2.821705
3.737566
2.095076
3.170034
1.580425
1.962283
3.150792
2.928152
3.180152
3.278505
3.302318
2.662250
3.107087
2.851478
3.178753
1.151075
3.428132
2.888892
2.798451
3.295051
2.155067
3.149478
3.461635
2.750370
3.291572
3.181693
3.260461
3.389332
2.924620
3.182156
2.974713
3.016326
3.209797
1.386956
3.082388
2.623460
2.538266
3.311724
3.202463
2.955427
2.700631
3.317614
3.204135
1.494832
3.138223
2.676398
3.117170
3.044753
3.124806
2.774891
3.248685
2.932837
2.445757
1.968545
3.738975
2.570273
2.540930
3.092054
2.896282
3.525167
0.993277
3.003147
3.530085
3.231400
3.587800
2.812701
3.037855
2.272422
3.283655
3.568535
3.177049
3.058735
3.395883
3.357490
3.362028
2.320948
3.529602
3.457481
2.266223
3.314220
3.268519
2.771912
2.162219
2.728012
2.819778
1.937588
3.452600
2.998729
3.132223
2.698742
2.293098
2.912347
2.848115
2.975945
1.928372
2.722897
3.421808
3.177955
3.217164
3.169852
2.537761
3.174779
3.330197
3.224061
1.217699
3.162497
3.096783
2.849418
2.592958
2.361084
2.130495
2.922677
3.032117
3.127622
3.195890
2.886525
3.285972
3.188774
3.082211
1.982427
1.659099
2.825545
3.044037
2.889646
2.299751
3.204718
3.475243
1.927883
3.199066
3.578292
2.739843
3.323945
3.852794
2.969643
3.221996
3.312467
2.573537
3.263147
2.493907
3.371730
3.715533
2.194265
2.572407
2.881203
1.496183
3.226107
3.078752
3.597412
3.203706
3.328787
2.233504
3.311705
3.086635
2.889301
3.198665
3.352857
3.214927
2.159127
3.106030
2.412776
3.223022
3.596094
2.460111
2.187768
2.700782
1.708204
3.139302
2.072134
3.183272
2.237885
2.991186
3.076697
2.040510
3.569145
3.044914
1.962704
2.574906
3.109392
3.638626
3.022279
2.926611
2.576287
2.307655
1.511535
2.241859
2.526170
3.388919
1.787126
3.486880
3.378203
3.135292
3.102544
3.228854
3.214314
1.715308
3.151083
1.812495
3.263882
2.389881
2.504476
2.697043
2.338019
3.171212
2.935880
3.264785
3.455145
3.111208
3.202423
2.270382
3.316277
3.179947
3.077191
3.132286
3.536976
3.076197
2.960992
3.184833
2.741829
2.626176
3.298162
2.923791
3.295401
2.544970
2.944498
2.431604
0.660808
2.421314
2.485654
2.949781
2.439527
2.116774
0.497600
3.061925
3.417810
3.334961
2.425920
3.293908
1.967944
2.817559
3.092776
2.489029
3.348835
2.900803
3.715417
3.260866
2.995274
3.031734
2.580672
2.965356
2.185216
3.234628
1.630588
3.181610
2.436358
2.333063
3.174891
3.201652
3.284537
3.047423
2.329874
2.838488
3.410170
2.285538
2.941989
3.472918
2.083457
3.655969
3.018345
3.288002
1.302200
3.396895
1.590026
3.286333
1.103276
2.347348
3.567701
2.705728
2.663524
3.166486
3.282436
3.251207
3.314442
3.036107
2.670770
3.320634
3.299702
3.184229
3.294990
3.204805
2.408395
2.884318
3.292383
3.454128
3.193226
3.466987
3.636214
3.269875
3.674599
3.187117
2.007723
2.699190
2.796586
3.758097
3.360166
2.768865
3.280185
2.962346
2.674467
3.117896
3.351094
3.212734
2.357732
3.419753
3.173691
1.676543
2.561400
3.076313
3.332298
1.602593
3.223872
3.326488
3.318871
3.478557
3.107482
3.053175
2.984343
3.219644
2.261205
2.818832
3.327052
3.671659
3.175016
2.240989
3.046997
2.927334
2.908341
1.842801
3.115516
3.169273
3.171432
1.054513
3.205509
3.101292
2.341217
2.258045
3.382677
2.802174
1.706404
2.999880
2.358766
3.400035
3.140240
3.806776
3.452022
2.949346
3.303953
3.146477
2.164002
3.205571
3.209235
3.081180
2.351676
2.594682
2.623609
2.863738
3.578224
3.218344
3.294031
1.307913
3.152961
3.324371
2.436886
3.154582
2.834956
3.123716
3.204041
2.848142
2.814227
3.061711
2.578821
3.399189
3.185044
2.863249
3.130273
3.294670
3.154122
3.340738
2.989414
3.246117
2.272159
2.225336
2.670706
3.547924
3.154905
2.757276
3.095008
2.772273
3.032075
3.124921
3.072936
3.242465
3.245022
2.886990
3.435213
2.015567
2.336935
3.191358
3.105466
3.183415
3.670269
3.344483
1.873139
3.246565
3.163916
2.264182
2.484215
2.479341
2.985104
3.251481
2.714397
2.409623
3.083426
2.418827
2.304783
2.862338
2.756238
3.074115
2.492784
3.968984
3.652121
3.446017
2.830177
2.944594
3.039284
3.531248
3.176010
2.749317
3.174716
2.571491
2.481486
2.477021
3.124682
3.343913
3.174431
3.106822
3.040391
2.298388
3.750107
2.987071
1.830879
1.843986
3.505466
3.330970
3.003953
3.309235
2.447623
3.193251
3.089506
2.456619
2.462211
3.212510
3.076947
2.223478
2.665106
3.244925
2.398097
3.246401
2.612795
3.118302
0.902578
2.851999
2.772290
2.544852
2.532868
2.068307
2.838837
2.408215
2.848621
2.671180
3.383845
3.206292
2.415070
3.220855
2.140389
3.212110
2.363260
2.932325
3.333780
2.524760
3.264645
2.884484
2.914336
2.813536
2.981432
2.675053
1.386450
2.714574
2.930695
3.292288
2.621853
3.008800
3.602059
2.797913
3.149532
3.116757
2.736209
3.209885
2.947761
2.839653
2.466579
2.773245
3.070775
1.800838
2.463801
2.209455
2.966459
3.169337
3.324785
2.576991
3.581024
1.700434
3.143388
3.083321
1.923681
3.275374
3.293495
1.032068
3.050143
1.888953
3.146056
3.114222
2.952922
3.189835
3.193001
3.211696
3.074231
3.129359
2.204566
2.930959
2.195648
2.934979
3.654499
3.251523
1.801507
3.183539
3.056642
3.333132
3.106367
2.378185
2.827922
3.305321
3.415430
3.074726
3.297331
2.013666
3.234994
2.713998
2.624871
3.011223
2.709995
2.854081
3.204576
3.283782
2.297592
3.096257
3.294213
3.322435
3.135170
2.691853
3.186902
3.162197
3.226988
2.957010
2.434136
2.684654
2.678801
3.425646
3.520996
2.875232
2.745094
3.368163
3.412284
2.997171
3.277399
3.223932
2.943912
1.275671
2.266703
3.002380
2.619000
3.024621
2.197564
2.511924
2.852259
3.293448
2.570337
3.624957
3.217360
3.523467
2.169183
3.158376
3.307671
3.141421
3.203728
3.484867
2.392131
3.293418
0.939406
2.823918
1.217924
2.596430
1.422205
3.988363
2.168648
1.877888
3.050099
3.191201
3.061869
3.286258
2.923012
3.314764
3.274335
0.700445
3.306455
3.279198
3.107068
2.527518
3.172232
2.500954
1.586744
2.393081
3.281284
2.891723
2.917325
3.190735
3.335297
3.702713
2.887967
3.132415
3.334415
3.032708
3.490209
3.200534
2.662332
3.173661
3.026148
3.108242
3.108652
2.445517
2.377215
3.083717
3.334732
2.366190
2.654563
3.114419
0.778421
0.966073
2.753844
2.994235
3.007956
3.105276
3.336399
1.584581
2.700248
3.249705
3.143304
3.153651
1.783600
3.076064
2.976288
2.435822
2.626596
3.237471
2.299561
1.968856
2.975337
2.618953
3.095403
2.257806
1.779119
3.258172
2.744899
3.181496
2.241057
2.926254
3.282913
2.992712
2.654844
2.935378
3.361806
1.982035
2.854388
2.541346
1.897619
1.115712
2.978260
3.020034
1.256376
3.628903
2.606232
2.559114
2.836437
2.207754
2.335029
3.291317
3.052077
2.705299
3.315965
1.740641
2.120652
2.233952
1.169079
3.032563
3.287638
2.981020
3.230719
2.489767
2.465091
3.180063
3.282391
2.965368
3.136481
2.537360
3.108541
2.440591
3.195546
2.605519
2.480744
3.550419
2.916769
2.930615
3.305635
3.179541
3.346814
2.780504
3.212088
3.235603
2.708778
2.532649
2.363470
3.518946
2.605969
3.116533
3.494535
3.227197
3.476512
3.308661
2.569012
2.848218
2.527181
1.414123
2.877008
2.599248
1.803804
2.520732
3.077498
3.286517
3.141632
3.086007
2.978525
3.300894
3.208046
2.019999
3.089973
3.742494
3.297943
3.352357
2.607715
2.981151
3.010720
2.539338
2.323623
3.295658
3.050360
1.914141
2.092394
3.274451
3.363090
3.331866
3.031223
2.874194
1.609452
3.163326
2.670849
2.946242
2.450675
3.792496
3.288907
3.195216
2.517427
1.449452
3.476324
2.453629
1.844435
3.201786
2.229647
2.658846
2.360124
0.834974
1.626855
1.626254
3.469325
1.716237
3.121439
3.403712
1.746483
3.224411
2.278525
2.128108
2.163611
3.043741
2.482709
3.799051
3.320193
2.549361
2.272584
3.212889
2.793266
2.609131
2.542245
2.437907
3.116966
3.367187
2.980907
3.286099
2.603278
3.499458
1.528211
2.819290
2.718066
2.828895
3.316385
3.060283
2.487241
2.932556
2.622930
2.404970
3.601518
2.645758
2.250225
3.294894
2.840228
2.195345
2.928000
3.286865
3.528361
2.161510
3.268606
2.943569
2.950711
2.417686
2.232830
3.338901
3.029797
3.243899
3.292023
3.257269
2.268308
2.724051
2.267484
3.407641
1.397642
3.389044
1.816714
2.636555
2.254122
2.141199
1.988784
3.165915
2.319365
1.286419
1.856319
2.569584
3.373040
2.162525
3.225758
2.448327
2.170684
2.837015
3.291449
2.040559
3.091533
2.383052
2.694678
3.189317
3.223253
2.842614
2.574862
3.390515
3.139024
3.613081
2.661690
2.989267
3.293253
2.674940
2.958391
3.488982
3.659648
3.074417
2.720133
2.042003
0.745434
2.960400
2.307276
3.434032
2.765098
1.979638
3.084081
2.963920
3.284008
2.727622
3.020719
2.636682
3.213471
3.308171
2.929120
3.289607
3.306817
3.529164
3.380472
2.982074
3.183917
1.893894
2.746972
2.723817
3.099962
2.647943
2.509175
3.361559
2.756978
3.230166
3.563737
3.232606
3.351421
3.298096
1.933714
2.626854
2.613732
3.092830
3.469862
2.386940
3.211519
2.818582
3.235824
2.473950
3.288260
3.339912
3.655119
1.190449
2.867552
3.111639
3.134078
3.182630
3.229937
3.148214
2.592236
3.688218
2.321176
3.218827
1.403025
2.007427
3.506567
2.728167
2.215654
3.480073
2.332655
2.679162
3.183185
3.230216
3.201147
1.807137
3.265515
3.189562
2.819771
3.020549
2.889591
3.063132
1.233502
3.169651
2.818124
3.349867
3.447657
3.451206
3.088958
2.959409
3.143603
1.179752
2.682688
3.283906
2.704572
3.232497
3.224407
3.274424
3.339371
2.975673
3.244169
2.615683
3.165469
2.842294
2.545556
3.332502
2.866153
3.391711
3.318739
3.122166
3.122192
3.858961
2.705414
3.289315
3.126840
3.164012
3.234749
1.882839
2.974591
2.643466
3.322417
3.077154
2.610073
3.318524
3.122724
3.337513
2.423515
2.910934
3.353476
2.786363
3.177341
3.274669
3.167022
2.725692
3.336715
3.165046
3.184623
3.338457
2.821048
3.641496
3.204431
2.806906
2.347257
3.047054
1.410625
3.590576
2.556237
2.963222
3.010269
2.873042
2.556953
3.203774
2.957741
2.930939
3.392430
2.728043
3.261755
2.907803
2.901890
2.752591
2.884219
2.897018
3.090613
3.363218
3.111633
3.326952
1.779112
3.222490
1.774858
3.120488
1.825353
2.858344
3.066022
3.115961
2.733690
3.014714
2.558214
3.112364
1.318947
3.011996
2.298398
3.132913
2.910502
3.228590
1.839080
1.886514
2.186011
3.195811
2.105525
3.297107
1.695652
3.378868
2.260775
2.471285
2.478434
3.193026
3.179945
3.343299
2.807105
3.118113
1.063478
2.610615
2.463633
3.292117
3.224625
2.478525
3.536225
3.381350
3.283605
3.043512
1.167241
3.167133
3.354341
2.650359
2.655557
2.853906
3.034217
2.960901
3.018349
2.903126
1.852107
2.802419
3.303195
2.626555
3.393044
1.994761
3.111294
2.863558
1.737733
2.387156
2.308285
3.187034
2.346746
1.379592
3.516781
2.570767
3.576078
3.213560
2.303459
2.765939
3.167451
2.841192
3.516638
2.662975
2.931607
2.545921
3.003752
3.326748
2.935050
3.144606
3.198892
1.930107
3.762643
3.208815
3.034375
2.415526
3.680298
2.168544
3.002109
2.927676
3.470250
1.116759
2.385522
1.973713
2.476979
3.109678
1.984202
2.525105
2.611150
2.964423
2.311271
2.273531
2.943427
1.863427
3.190913
3.153937
3.524126
2.509508
3.592295
1.245255
3.265466
3.179920
2.294454
3.242379
3.309618
2.861963
3.092609
2.005522
3.662581
3.063337
3.293872
2.185040
2.837716
1.578412
2.951029
3.315831
3.139869
2.932750
2.783723
2.525576
2.559798
3.278471
2.942053
3.068639
2.281228
3.481346
2.490527
2.307607
3.347484
2.256018
3.236420
2.735286
3.447379
2.829424
2.428790
2.081279
2.657519
2.112746
2.412307
2.973144
3.630179
2.273513
3.004407
2.988711
3.175946
1.851692
2.645925
2.927454
2.836004
1.957657
1.994024
2.723737
3.827101
2.574131
2.856513
3.103090
1.534401
3.340994
1.730296
2.436212
2.773172
2.817005
2.559593
3.506528
2.333979
3.263257
3.417740
2.937801
2.714413
3.066281
3.416262
1.844420
2.710765
2.996679
3.362073
2.919145
2.842755
3.139269
3.681996
2.884551
3.177533
2.777863
2.864625
3.276254
2.324767
1.893688
1.323443
2.711260
2.840220
3.185319
2.181911
1.982816
2.227142
2.859454
2.262381
3.494631
2.586859
0.941600
3.287625
3.064357
2.616783
3.182640
2.394326
1.651035
3.201365
3.165594
3.308060
2.456422
0.769740
3.795989
3.512802
2.743699
2.466079
3.309308
3.098369
3.302034
3.345271
2.512659
3.430186
3.048972
3.101105
3.213915
2.783919
3.074765
2.794846
0.675846
2.869741
3.109167
0.837648
2.881939
3.289458
2.336226
3.502363
3.370529
0.583104
3.233086
1.864200
3.337206
2.913996
2.300821
3.490144
3.659070
3.078213
3.453330
2.276535
2.722039
2.880391
3.252182
1.642625
3.339662
1.670753
3.187347
3.303545
2.427437
3.183963
2.441577
1.571307
3.567949
3.542058
2.217691
2.854527
2.277243
3.095495
3.192697
2.829179
3.021523
3.545717
3.789999
2.598021
3.125734
3.178054
3.168089
2.516256
2.979864
2.586780
3.017673
3.046637
3.013934
3.010390
3.825268
2.383748
3.246909
3.440632
2.743497
2.863485
3.376285
2.755696
3.143325
3.244384
3.347006
2.509918
2.354392
3.002062
1.987905
3.190132
3.273640
3.083991
2.246595
3.365221
2.752777
1.224725
3.247291
2.878557
3.240048
2.805988
2.602207
3.001068
2.009193
2.768140
3.263043
3.166321
3.284560
3.009737
0.677517
3.400390
2.661570
2.301268
3.274902
2.011485
2.992818
3.353109
2.615229
2.667518
3.239593
2.842421
2.111260
3.283495
1.349467
3.360559
3.196371
3.279800
3.331044
3.433004
3.184750
3.664655
2.758385
3.215606
2.730534
3.343768
2.928265
3.399785
2.351816
3.121392
3.112791
3.183222
3.301095
2.881650
1.786009
2.982162
1.762097
2.156254
3.322312
2.737470
3.583961
3.296453
3.445932
2.596413
2.171882
2.552981
2.855279
3.038212
3.231268
3.126477
3.154117
3.267644
3.050589
2.527873
3.150871
2.387766
1.975189
1.805143
3.149445
3.281376
2.403964
3.291749
1.916770
2.526253
1.759589
2.564728
3.109945
3.310253
2.495210
2.054651
2.664256
3.087152
2.153256
0.663794
2.752288
2.621811
3.197790
2.128845
3.514556
2.726964
2.513316
2.623432
2.574783
2.566063
3.177173
2.595743
2.825919
2.637610
2.031263
2.775579
2.946004
3.025830
3.186174
2.608780
3.095081
2.502382
3.266496
2.350974
2.611644
2.827533
2.657609
2.589200
1.397249
2.683270
3.702834
3.396851
3.319368
1.591051
2.933971
3.252779
3.233366
3.169224
2.803724
3.317608
1.102793
2.805526
3.174920
1.467836
1.786583
2.240442
1.064268
2.837374
2.215669
2.990458
3.054911
1.446539
3.997168
2.933182
1.528621
3.630459
2.768354
2.190754
3.325741
1.858276
3.333820
3.374958
2.755114
2.985325
3.198148
3.427898
3.180889
3.371933
2.594778
2.927561
2.922293
3.294488
2.228536
3.243091
3.270888
2.772276
2.879887
2.380382
2.601306
2.407226
2.952318
2.389561
3.086032
3.178600
3.343834
3.221426
3.182581
1.114659
3.201823
3.177279
2.346583
3.303151
2.150837
3.172390
3.219748
3.273597
2.376741
3.012276
2.865904
2.704365
3.585726
3.345221
2.102575
3.171282
2.223019
1.334295
3.499308
2.826744
2.621321
3.653511
0.822641
3.116010
2.433017
2.304424
3.209895
3.074287
3.158090
3.224566
2.977018
3.573927
3.120097
3.358340
2.173358
3.012472
2.452014
3.247878
3.284362
2.922039
2.074223
2.356452
3.449116
3.327938
3.078078
2.813483
3.603492
2.182276
3.170909
3.519623
2.569889
3.601111
3.086979
2.581677
3.319026
2.421836
2.768559
2.487737
2.321343
2.921026
3.121544
2.239200
3.684796
3.432072
1.977308
2.612700
3.368179
2.551754
2.630317
3.022037
2.863215
3.157582
2.536197
2.725251
2.704139
3.025778
3.377533
2.320276
3.353493
3.029531
3.001866
2.801211
3.169649
3.589794
3.327372
2.854149
3.426463
1.975848
3.348878
2.321252
3.263063
2.884249
3.566092
2.911952
2.442755
2.250678
3.283671
3.166118
2.165581
2.481700
2.852847
2.915222
2.809591
3.273395
2.876034
2.340874
2.883722
2.580320
3.328738
2.958840
2.117981
3.048313
1.595434
2.663112
2.255989
3.349347
3.228793
1.746013
2.920080
3.276430
3.453571
3.230660
3.336330
3.240836
2.087089
1.799776
3.008855
1.903680
2.092485
3.184583
2.770829
2.746064
3.286397
2.829453
2.903999
3.057153
2.935623
3.041620
2.729651
2.302967
2.713980
2.930182
2.616457
2.177700
3.345595
2.957028
2.260537
2.387106
3.480615
2.892746
2.141011
3.176878
3.447831
2.315549
3.130879
3.303162
3.211732
3.549809
2.084129
2.744721
2.392145
2.646681
2.846535
1.897247
3.130835
3.182431
3.221853
2.816613
2.992045
2.338554
3.663563
3.548287
2.358211
2.774294
1.396383
3.322295
3.220208
3.296198
2.912906
2.426364
2.678238
3.125331
2.457729
2.506954
2.821950
2.111442
1.869588
3.080591
2.240161
2.920822
2.316734
3.505213
3.057049
1.482896
3.280489
3.006779
3.009178
2.937557
3.210498
3.210067
2.477101
2.748103
2.555037
3.224774
2.615344
2.902542
2.644870
2.085756
3.502330
3.412614
2.946686
2.978108
1.706255
1.567260
2.594412
2.595885
2.565668
3.102873
2.284431
3.056928
1.683997
3.073997
3.013784
2.996996
2.872087
2.271497
2.661512
3.358221
2.876795
2.546949
2.687535
3.021235
3.286357
3.134021
3.028092
3.255788
3.290660
0.598316
3.513825
3.269792
3.293782
3.126213
2.559508
2.270430
3.299093
2.563234
3.477788
2.653395
3.206991
3.319259
3.392364
2.834028
3.392045
3.237435
3.272855
2.891782
3.072808
3.049159
3.257424
2.758352
1.269674
3.720996
3.329904
2.700622
2.273619
2.517343
3.181627
3.294687
3.005480
2.965612
1.348087
3.120499
3.179943
2.426190
3.223959
2.552971
3.183387
2.691943
3.768748
2.926268
2.177214
3.135762
2.157943
3.188156
3.195103
3.284909
3.403068
3.113435
3.531766
1.948702
2.637734
3.206132
1.874922
3.061433
3.456019
2.536110
2.292176
3.505585
2.636064
2.952687
3.312249
3.170747
2.542972
2.560277
2.428139
2.840372
3.248955
3.171130
3.557669
2.939543
3.546151
3.117994
2.086208
3.067415
2.806012
2.714906
3.177783
2.439444
3.678261
2.072785
3.166716
3.183422
3.119323
3.147663
3.528534
3.060760
2.844576
2.098354
3.149387
1.892125
3.166594
2.129809
3.286816
3.018762
2.928552
3.150178
3.569567
1.278370
2.678302
2.936036
1.316749
3.217456
2.427470
2.459863
3.097046
2.997464
2.414525
2.749513
2.774145
3.147950
2.603443
3.085056
3.540429
3.220700
3.029460
2.802611
2.635983
3.371671
3.307277
3.618806
3.281106
2.131553
3.284008
3.230573
1.138589
3.164162
3.331670
3.016085
3.284775
2.388419
1.891301
3.126920
3.132104
3.010778
3.281380
2.459154
2.917066
2.022075
2.402632
3.289932
2.927006
2.323945
3.081803
3.168118
2.706612
2.700490
3.241351
3.333860
2.728757
2.965830
2.425143
2.775452
2.636351
2.621715
2.734010
2.262513
3.350223
3.351614
2.664582
3.197619
2.117206
2.323120
3.290664
1.955371
2.497690
3.249820
2.552266
3.117619
3.525358
3.216994
2.612875
3.179063
3.291946
3.168656
3.413815
3.034030
2.949840
2.384808
2.923727
2.534328
2.554949
3.281279
3.422944
2.926367
2.888741
2.515502
3.351727
3.387755
3.291222
2.824334
3.244804
3.086584
2.401746
2.059908
3.374200
3.341864
3.348666
3.140573
3.222604
3.191142
2.548768
2.656812
2.050312
2.059555
2.203676
1.927133
2.682149
3.247926
2.164894
2.708830
2.747186
2.290182
3.179398
2.966900
3.290894
2.039531
3.963367
3.070333
3.185878
1.739750
2.149358
3.312801
3.155282
3.282269
3.395140
3.007082
3.170639
2.258796
2.932835
3.332185
1.450510
3.123279
2.580223
2.899352
3.512915
3.422155
2.611890
3.147223
3.619672
2.559022
2.384701
3.091923
0.897997
3.235094
2.636788
2.669308
3.185495
1.818403
3.543759
2.214165
3.167945
3.087698
2.912770
3.186197
1.727030
3.274996
2.607756
3.138253
2.453100
3.168318
2.987540
3.017342
3.043881
3.837141
3.133954
3.004824
1.259307
2.517589
2.796605
2.850257
3.190379
1.383820
3.389576
3.013081
3.379242
3.295547
3.467104
3.356026
2.075325
2.810710
3.768413
2.530495
2.844556
3.204001
3.028695
2.873121
2.968045
1.345795
3.257085
2.960806
2.300178
2.599298
3.088012
3.175772
3.283745
2.663769
2.587215
2.803272
3.200793
3.043542
1.692569
3.283749
2.721262
2.798244
3.519693
1.832399
3.132243
2.785885
2.114384
2.711285
3.208811
2.897031
2.550618
2.831024
3.222227
3.004261
3.347281
3.074867
2.770386
2.278346
2.433296
3.476993
2.616208
3.269998
3.627723
2.582674
2.609016
2.129195
0.629109
3.285166
3.187220
2.826462
2.712070
2.865676
2.992185
3.248600
3.201648
1.005300
3.005878
0.592414
3.306898
3.111595
2.739311
2.847592
3.173914
2.862900
3.457162
3.283267
3.281586
3.184089
3.135251
2.577821
2.927405
3.301655
2.308457
2.926042
2.932026
2.974665
3.038348
2.781750
3.251283
2.565653
3.307969
2.734746
2.117759
3.135995
2.814006
3.215364
2.919110
2.303770
2.839227
3.081798
2.482272
2.734925
3.498013
2.899244
3.967480
3.288252
3.079742
2.731316
3.298849
3.167107
2.002952
3.402356
3.168441
1.550531
3.176287
2.630277
2.856296
2.555014
2.920223
3.282505
3.120494
2.310849
3.284880
3.159716
2.949651
3.055387
3.342094
3.302710
2.979875
3.294168
2.769208
2.481183
3.169237
2.651769
2.732063
3.013953
3.327981
3.051825
3.289435
3.294821
3.634875
2.670718
2.332717
3.170696
3.863084
2.724263
3.358004
1.810148
2.828032
3.023981
3.293627
3.153811
3.130459
3.045273
3.517234
3.516522
3.547084
1.921031
3.362410
3.403541
3.372355
2.958879
3.001397
2.635369
3.252083
2.663035
2.287957
3.393781
2.633931
3.018197
3.104426
3.410859
2.875315
2.991737
3.276138
3.116175
2.306481
2.904180
3.170863
3.416951
3.120597
2.915960
3.317188
2.393074
2.688245
2.913027
2.995341
2.975943
2.871924
2.666636
2.268056
2.504280
2.784927
3.128743
3.308294
2.318950
3.355887
2.217918
2.808095
3.144202
3.579626
3.182429
2.776606
3.271176
3.071185
3.168070
1.821791
3.298043
3.377984
1.777708
3.218769
2.957417
2.213130
1.245423
2.639804
2.975468
2.161179
3.149314
2.778539
2.754853
3.342885
2.655441
1.439113
3.293975
3.206845
2.841430
3.129585
3.826920
2.006924
3.456925
3.335648
3.274963
3.112371
1.904227
2.470091
3.340499
2.598564
3.826960
3.069886
1.818440
3.207203
3.000665
3.594906
2.753892
1.496248
2.703550
1.723015
3.011803
2.412768
3.390895
3.002407
2.935238
3.211680
3.653000
2.383878
3.158635
2.370134
3.183374
3.028106
2.499983
2.944560
3.621316
0.687222
3.110030
2.644000
2.601491
3.302255
3.176541
3.033056
3.335606
3.123716
2.326145
3.320517
2.898719
2.003955
1.402024
1.844806
3.243107
2.929809
3.390963
2.852949
3.166668
3.099976
3.114341
2.364379
2.554701
2.876512
2.596299
1.609544
3.244063
2.654358
3.091055
3.325000
2.580401
2.492191
3.073920
3.458095
2.767077
3.051668
2.866022
3.190521
3.239033
2.986540
2.927741
3.326006
2.202437
2.835875
2.798998
3.086584
3.259819
1.630979
2.186603
2.237891
2.395146
3.285574
3.294031
3.350323
2.851233
3.081350
3.144055
3.186266
1.926418
2.732571
2.346425
3.018698
2.869453
3.163693
2.926161
3.218433
2.643328
2.460553
3.183217
3.021511
3.706881
3.328496
3.162135
3.759677
1.924790
2.237099
2.684932
2.612726
3.245462
3.286507
3.181020
2.478274
2.243526
3.306094
2.757111
2.845117
3.142311
3.741251
2.759313
2.467046
3.177488
3.342129
3.681394
1.927396
3.394076
2.646388
3.291538
3.104833
3.036509
3.262137
2.594622
2.924581
2.629623
2.324786
2.827230
1.674900
2.413634
2.344961
2.579903
3.224349
2.738756
3.119368
0.623994
3.291283
2.655406
3.901745
2.601360
2.793805
2.104654
3.072979
3.413352
2.520600
2.632737
2.859243
3.229439
2.656782
2.543129
2.457338
2.125255
3.051555
1.873938
2.433983
2.968439
3.280309
3.171971
3.338560
2.397777
2.253333
2.859165
2.914853
3.546930
3.044964
2.055363
2.757481
2.975727
3.577165
3.496360
3.291151
3.237313
2.903857
2.282124
2.298257
3.121033
2.656373
3.110435
3.280010
1.895574
2.981831
3.575002
2.462626
3.445034
3.587777
2.711741
3.455410
1.585886
2.752371
3.435082
2.260228
2.886295
3.117062
2.902551
3.435785
2.958379
3.406563
2.902577
3.478433
2.672420
1.674132
3.290009
3.142128
1.794327
3.193385
2.802618
3.109324
1.820485
2.577688
3.084807
3.293378
2.783895
3.448673
2.368946
3.297761
2.804386
3.510251
3.357326
3.186253
3.492391
2.682599
3.253595
2.616781
1.361688
2.116527
1.608457
3.327846
2.983000
3.094836
3.153439
3.113044
2.667131
3.213627
2.278651
3.379499
3.188376
2.879524
3.405658
2.922674
1.033115
2.376965
2.656627
3.318000
2.063667
2.266451
3.221818
3.731612
2.482215
1.486839
2.117400
2.505035
3.501056
3.221728
2.736113
2.213667
2.440139
3.621958
2.511434
2.733253
3.180882
3.352823
2.442473
3.400596
3.411444
2.968144
3.138454
3.649240
1.491988
2.241414
3.239562
2.876689
3.345983
2.864485
2.838121
2.622792
3.101614
3.186373
3.243272
3.169989
3.547017
3.071194
2.529229
3.227671
3.181654
3.412948
2.917972
2.889306
2.356168
2.516158
3.007861
2.879982
2.671643
3.180957
2.408622
1.787150
2.665746
2.431533
3.204380
2.242989
2.716279
3.037402
2.999520
2.172659
2.864864
0.739798
3.126757
3.256608
1.601774
3.100787
3.210902
3.102514
3.494027
3.109152
3.253673
3.574669
3.243917
2.826462
1.517891
2.745681
3.419872
3.186936
3.188804
3.269018
2.476865
2.928381
3.488093
3.349853
2.854723
2.310299
3.281859
3.029190
2.657162
3.660921
3.274278
3.593419
2.728525
3.171154
3.251619
2.611435
3.246550
1.512657
3.422877
3.070018
1.685204
2.853959
3.132983
2.693901
2.831815
3.639272
3.324055
2.943185
2.924283
1.857661
2.182159
3.262176
2.891883
2.760059
3.238756
2.296740
3.176271
3.142184
2.842706
3.079997
2.469730
3.221175
2.675239
3.284179
1.628572
2.975935
2.943385
3.567015
2.575327
3.515743
3.657262
3.717823
3.555676
3.396690
2.497640
3.001578
2.095917
2.168780
1.619953
2.910743
2.998268
3.247044
1.778018
3.422699
2.451311
2.808851
3.341009
3.133753
3.004987
3.253745
0.890284
3.179712
2.996064
3.002218
2.274415
3.474052
2.208963
2.811293
3.145170
2.450942
2.948637
2.433987
2.564110
2.642796
3.173244
3.506528
3.172470
2.622872
2.083884
3.165786
2.218853
3.229980
2.004842
2.532738
2.917725
2.633155
3.177142
2.136645
2.847018
3.524720
2.425689
2.314419
3.196832
2.653890
2.393560
3.218299
2.885612
2.087143
3.101710
0.983073
2.568751
3.445553
2.428206
2.534119
2.068616
2.073521
3.367447
2.193307
3.018614
3.280257
3.569558
2.559353
2.986035
3.201254
2.522661
2.762775
2.790649
2.797868
3.094314
2.459824
2.427567
2.905948
3.304984
3.240028
3.392136
3.247708
2.620030
2.568807
3.703058
2.521393
2.213323
1.603691
2.720409
3.044817
3.201095
3.148925
3.288045
2.025978
3.055396
2.493636
2.322578
2.629786
3.572854
3.049836
2.273117
3.450360
3.339628
2.136476
1.319743
2.799766
2.710847
2.501035
3.200235
3.398810
3.030539
3.440691
3.330364
2.619001
3.138117
3.167126
2.528746
2.606350
3.135276
3.011338
2.517324
3.184101
2.719476
3.176646
2.370469
3.359057
3.529848
3.186283
3.526243
3.092267
2.052456
3.451626
2.963569
3.134332
3.265272
3.582765
3.288531
2.952739
2.786400
3.175216
3.324191
3.796081
2.336682
3.216735
2.640097
2.972138
2.362933
3.194229
3.203565
3.024269
2.415880
2.598171
2.267687
3.043034
3.161156
3.293906
3.277785
3.299576
3.202387
2.628038
3.202255
2.550685
3.307048
2.640545
3.014471
3.641879
2.791452
2.681144
2.326405
2.379404
3.184373
3.267228
3.426725
3.003093
3.104195
3.292182
2.598184
3.152032
3.262184
3.158013
3.127496
1.143200
3.436512
1.287083
2.511402
2.189895
3.020459
3.443668
2.951560
1.952772
3.143986
3.370995
2.852714
1.970447
3.167219
2.213197
3.475293
1.672559
3.299230
2.241587
2.641668
2.670770
3.100383
3.462294
2.695646
3.286551
3.455063
3.365205
2.590543
3.313112
3.605331
2.965830
2.123001
3.183951
3.464330
1.376881
2.835179
1.867601
2.548117
3.287731
2.395442
3.107913
3.168590
1.677239
2.346408
2.995151
2.792641
3.537473
3.170964
2.684160
3.213507
3.272824
3.155676
3.817866
2.421117
2.167981
3.238778
2.341761
3.202414
2.950446
3.078718
3.109636
2.754242
3.712800
3.356535
1.599297
3.548319
3.321627
3.002468
3.177218
1.060773
3.305514
2.245241
1.682328
2.921267
2.667942
2.360902
3.201883
1.383469
2.713566
3.345114
2.958761
3.243569
2.892558
3.222299
2.620106
2.614348
2.502479
2.262520
3.317666
3.332404
3.142573
2.818335
3.333133
2.586219
3.224913
2.612327
2.200685
1.948919
3.283363
2.477318
3.120760
3.371824
1.831622
3.188561
3.290886
2.035478
2.684967
2.885635
2.725687
3.058395
2.407026
3.115044
2.878732
3.028916
1.119637
3.196897
2.914221
2.632798
3.131968
2.478871
2.417669
2.316230
3.463256
3.208491
3.452237
3.551210
3.287178
1.752851
3.364593
3.350625
3.284742
2.866408
2.942095
2.107611
3.181786
3.267081
3.546086
1.966646
3.225187
2.064862
1.846759
2.998856
2.734670
3.118030
2.741832
0.529771
3.308554
3.568092
2.339165
3.181849
2.982211
2.747049
3.464793
3.010129
2.987481
3.743285
2.805499
3.385714
2.854995
3.031705
3.309415
1.775772
1.766026
3.507439
2.261299
2.723311
3.495790
2.739938
3.044656
3.629610
3.180965
3.061001
3.125494
2.515099
2.798450
2.910865
2.577758
2.573390
2.282025
2.729469
2.917314
3.382429
3.415300
3.325321
3.165231
1.914378
3.218094
3.147662
2.893735
3.291220
1.908142
0.823664
2.979039
2.117484
3.479309
2.637343
3.052772
2.583209
2.743059
3.150394
3.138717
2.884320
3.193679
3.457259
2.603849
2.629665
3.326060
2.833217
3.383146
2.557021
1.595218
2.921369
2.188801
2.006775
3.207786
2.108438
3.407244
3.236825
1.258130
1.901097
1.588090
3.240408
1.890893
3.175563
2.965301
2.271568
3.257370
2.376569
3.129455
3.116268
3.863691
2.702541
2.561211
3.253332
3.487537
3.039933
3.199320
3.309517
3.207937
2.505885
3.616583
2.932681
3.287301
2.561727
1.274423
3.173143
0.630656
3.288550
2.523962
3.290856
3.211397
3.630089
3.288536
2.546619
2.318801
3.185054
3.529910
2.342699
2.643828
3.292204
3.504306
2.752597
3.227636
3.092863
2.721609
3.165961
3.521659
3.348148
2.939522
3.044544
2.581779
2.521850
2.876194
3.122105
3.378877
3.215593
2.465220
1.088676
3.318804
2.860357
2.253549
3.349520
2.245271
2.944746
3.405002
3.745678
2.132192
2.440814
3.094412
3.232167
3.355223
2.893676
2.716796
3.549174
2.668106
3.579623
2.891544
2.929344
3.730642
3.140576
3.230305
3.027312
3.178862
2.774300
3.284438
3.178012
3.050028
1.788899
2.121667
2.315637
3.451248
1.996776
2.301860
2.005347
3.103230
2.555236
2.451564
2.070478
3.175614
2.513646
1.594963
3.179063
3.085939
3.318893
2.200602
3.169487
2.707361
3.128315
2.813076
2.803106
3.191774
3.295384
1.365400
3.366054
2.913361
3.096542
3.425913
3.070632
2.823957
3.153614
1.777943
2.996860
1.628465
2.458976
3.023404
1.369460
1.414940
2.057874
2.754921
3.173008
1.570024
3.300211
2.739668
2.073757
2.208207
3.230591
2.554146
3.102562
2.549958
1.735869
2.570634
3.088566
1.210378
1.539721
3.176793
1.723695
3.137243
3.144157
3.524926
2.363442
3.074835
3.019882
2.224138
3.288465
2.826370
2.168696
2.995425
2.615075
1.038709
3.318017
3.208416
3.045610
1.789538
2.645736
0.672266
3.055444
2.099410
3.175038
2.615536
3.308041
3.067907
2.107771
2.660609
2.748093
3.347353
2.959788
2.985065
2.543893
3.232056
3.289491
3.339163
3.523008
2.902089
3.304270
2.527968
2.930391
2.781216
2.386717
2.760931
3.376106
2.969633
2.993123
2.411295
3.358253
2.755911
2.276184
2.320478
2.728838
3.293337
3.513882
1.916732
2.386530
3.299681
3.343343
3.169899
2.989923
3.045539
3.086432
2.731822
2.707608
3.124620
2.079726
2.828503
2.900722
3.151238
2.974794
1.130322
2.735817
2.473568
2.899435
2.993367
3.245203
2.902320
2.095074
3.191070
3.209235
3.326730
1.693748
1.356569
3.119371
3.035451
3.318714
3.074600
1.654132
3.060664
2.932438
2.368906
3.508551
2.893988
3.367979
3.114113
2.464720
3.456313
1.444712
3.345924
2.466019
2.197565
3.291195
2.929524
2.763093
3.495025
2.412796
3.288978
3.076296
3.290567
2.650243
2.287385
3.382248
2.898400
2.533420
3.263345
3.267148
3.183361
3.241529
2.519844
2.766221
2.779862
3.696750
3.816142
2.703938
3.241970
3.290437
2.795473
2.232186
2.695602
3.427309
2.746674
3.018644
3.169315
1.786314
3.569904
3.216547
2.926898
2.353682
2.674144
3.340587
2.397211
2.695249
3.272044
3.086926
1.749921
2.456717
2.161510
2.505623
3.212871
3.226849
2.625629
3.231931
3.292462
3.270084
2.927163
2.507817
2.543635
2.928234
3.183094
3.339445
2.782219
3.363428
2.276663
1.139021
3.248902
2.245030
1.875397
3.193560
3.147912
1.467924
3.069268
2.762769
3.106402
3.404533
3.204711
1.788597
3.334679
3.196004
1.126377
3.205177
2.898548
2.669667
3.232248
3.065933
2.122457
3.522197
3.179539
1.895801
2.941327
3.460866
3.144903
3.394778
2.631640
1.148514
3.696371
3.203758
2.992845
2.744452
2.890887
3.241261
3.105709
2.040814
2.219815
2.524709
3.173674
2.616960
3.330284
3.586399
3.482426
2.470126
3.182308
2.176652
3.172269
2.610954
2.796769
2.764366
2.532225
3.114744
2.684235
2.803371
3.173861
3.469433
2.015609
3.782736
3.215317
2.977797
2.573860
3.301317
2.849198
2.498625
3.376650
1.359264
3.293594
3.322788
3.178627
2.565857
2.220326
2.692866
3.144849
2.074682
3.143109
0.544758
3.093016
2.542545
3.211573
3.194348
3.302370
2.995380
3.326410
3.493112
1.765344
2.003041
2.379303
3.453085
1.687904
2.702376
1.945706
3.454222
2.857203
3.438520
3.025469
3.226863
3.122872
3.155418
3.111748
0.895425
2.326600
1.945756
3.219962
2.214818
2.432863
2.434709
2.815880
2.995399
3.145401
2.235238
3.040670
3.117981
2.235463
2.176633
3.038197
2.445648
2.909161
3.498657
2.347647
3.331543
3.315028
3.163632
2.722347
3.276361
2.928515
2.310485
3.200346
3.204850
2.706447
3.096491
3.687995
3.328551
3.271511
3.287738
3.178078
3.218382
2.808716
2.733339
3.442169
3.177388
2.797703
3.259426
3.362056
3.385329
2.883576
2.966026
2.760764
2.619092
2.596523
3.345429
1.484862
2.800049
2.514003
2.371707
2.916771
0.556034
3.055697
3.096378
3.193149
2.375889
2.338061
3.411121
3.922506
2.873094
3.364385
3.177487
2.488933
3.247022
1.230467
2.462721
3.033898
3.542160
2.846955
3.455030
3.002754
2.483386
1.810831
3.286615
2.807402
3.128237
1.372038
3.699154
3.438266
3.053684
2.744522
2.815283
3.361971
3.371902
3.406229
2.073899
2.342681
3.284328
2.987223
2.362670
2.327667
2.646539
1.488050
3.228920
2.514230
2.273129
2.997255
3.281986
3.526695
2.325252
3.254974
2.592821
2.705846
0.954606
3.394242
2.987729
3.806801
2.056323
3.179200
2.499141
2.849140
3.077154
2.207286
2.750655
1.408613
2.529295
2.841509
2.368199
2.161061
3.480448
2.516621
2.557615
2.832074
3.708754
3.224561
2.867508
3.985654
2.258536
3.011435
3.212024
2.639584
3.277634
3.352432
3.272030
2.856662
3.182857
2.587125
2.706426
3.593397
2.328495
3.046224
3.971675
2.440629
1.352654
3.414354
3.189288
2.402793
2.515449
2.530166
2.547486
3.370364
3.326853
2.289425
1.685446
1.560628
2.849682
3.341318
2.842626
3.257418
2.927196
2.587983
2.972261
3.481185
3.058251
2.476961
2.580541
1.652771
3.338155
1.900018
3.494179
3.081142
2.320738
2.923005
2.744746
3.018345
3.288067
2.585657
3.289138
2.609543
2.971138
3.497657
3.285886
0.485023
3.240872
3.632384
2.670769
3.061325
2.667630
2.369010
2.181784
1.915289
3.253908
3.041771
3.859008
2.396737
2.482419
2.688461
3.084830
3.141975
1.610061
2.776769
1.615947
2.394745
1.455356
3.522843
2.770432
3.393236
1.812132
3.016692
3.343843
3.223697
2.967032
3.285288
3.015949
3.207443
2.540169
3.416622
1.991163
3.060858
2.500547
3.093213
3.244342
3.259215
3.117637
2.728299
2.747908
3.022614
2.010966
2.701590
3.292375
2.742886
3.261645
3.287223
3.322060
3.305354
2.632647
3.325228
2.509621
3.185234
1.184294
1.625827
2.370237
3.395799
3.126847
3.240842
3.355084
2.544666
3.331973
2.448752
3.310494
3.181492
2.831927
1.920247
2.583478
3.153239
2.601380
3.178252
3.195295
1.571532
3.178747
3.126604
2.679534
1.487318
1.560458
3.440493
3.157765
3.479289
1.855208
2.502141
3.469923
3.178915
3.074310
2.807978
3.381364
3.124054
3.097735
2.907729
2.234482
2.997596
2.522596
2.797965
3.079062
2.997118
2.664199
1.766527
1.477213
2.809245
2.063940
3.467266
3.087815
2.680098
3.558003
2.194569
2.588390
3.212888
2.504501
3.100330
2.107810
2.564725
2.433255
1.605665
1.876311
3.282828
1.627886
2.199868
3.340857
2.407195
2.789933
3.173729
3.493992
2.616252
2.624457
2.992135
3.056424
2.537215
3.284140
3.279211
3.242328
2.235285
2.336885
3.786720
1.274134
3.176842
2.178848
3.157379
1.965252
2.754475
3.247120
2.951155
3.494109
2.818491
2.986547
2.199618
2.545166
1.235362
3.226390
3.199828
2.900354
3.326054
1.377861
2.086188
2.970998
3.363207
3.161834
3.332026
2.107110
2.787279
3.251375
2.330324
3.355316
3.067774
3.603625
3.451213
3.006962
3.377364
3.450792
3.160199
3.386059
2.530437
3.291637
2.360586
1.841019
2.484556
3.180624
2.344688
3.182786
3.354558
3.218631
3.990425
3.281320
1.461583
3.475348
2.666679
3.224483
2.620437
2.554729
2.907442
2.183451
3.104657
1.067420
2.972418
2.937083
3.119788
3.438325
3.220821
3.328977
3.644410
3.074528
2.942869
3.079619
3.191287
2.049148
2.636573
3.305964
3.020015
3.110984
2.301657
3.012223
1.822582
3.668555
1.753559
3.225629
3.228494
3.270344
3.169342
3.291575
3.079897
3.168821
1.632055
2.320794
2.857350
2.031221
2.701523
2.493676
1.491681
3.069459
2.189137
3.311804
1.556871
2.700413
2.413778
3.724844
3.222514
2.342815
2.434503
3.169552
2.851332
2.638263
2.208140
2.131625
2.917493
3.442905
2.594264
2.165209
3.137569
1.929973
2.954863
2.904013
2.363993
2.777212
3.209568
2.137536
2.543226
3.455315
3.172438
3.313829
3.118264
3.349681
2.826736
2.457397
3.225739
3.440389
3.177177
3.418151
3.067346
3.086958
2.755308
2.744696
2.682295
2.768978
2.995103
2.180122
2.655996
2.000383
3.440971
2.794812
1.803935
3.181139
2.405859
2.570106
2.607910
3.216683
1.959955
3.440063
2.154654
3.183941
2.351137
2.751445
2.913209
3.378223
2.672891
3.243024
2.807271
3.029678
3.445663
2.549296
2.255120
3.129785
3.470894
2.417406
2.525408
1.268072
3.037873
2.300253
2.647118
3.142727
3.294786
2.035478
3.327217
2.205051
3.210933
3.291761
3.090515
3.512031
2.953175
3.005200
2.819942
3.415940
3.165119
2.631854
3.360930
3.531020
3.077189
2.701941
2.884287
3.406311
2.460307
3.506152
1.359779
3.044788
3.298854
2.531408
1.994509
3.272305
3.248948
1.302635
2.530420
3.440497
3.122724
3.285427
3.210314
3.285557
2.033134
3.195669
3.637898
0.596416
3.321996
2.513981
3.125058
3.115981
3.256627
2.691327
3.207530
3.215064
3.242523
3.292166
2.802275
3.521966
2.122053
2.815646
2.178707
3.212528
2.264456
2.435472
2.525695
2.807151
2.076605
2.524885
3.240464
2.657614
2.441967
2.954561
2.722725
3.254739
3.310073
2.406931
3.766860
3.076046
3.200108
2.079008
2.632575
3.394698
2.859385
2.503230
2.934465
2.488318
3.246210
3.254746
3.022748
2.201503
3.422390
3.033890
3.037237
2.303279
2.288133
3.183622
2.995932
3.252014
3.230999
3.506487
3.243815
2.420754
3.305945
1.751551
2.071277
3.857248
1.886684
3.320318
3.290936
2.353493
3.259915
3.182282
3.291149
2.325143
1.570321
3.225742
2.862978
3.426244
3.311324
3.226897
2.630578
2.637184
2.982627
3.177313
2.749962
3.552109
3.213247
3.070588
3.400221
2.649189
2.495994
2.468276
2.335257
1.676226
3.439358
3.073040
2.728127
3.246709
3.056747
1.694395
2.907492
2.807039
3.365962
3.230077
3.156058
2.384705
2.416841
3.440165
2.954654
2.534237
3.020090
2.455093
3.582198
2.196894
3.395781
3.474429
3.079013
2.820680
3.359880
2.060976
2.652292
3.161091
2.617039
3.214507
3.345914
2.263151
3.259598
3.289987
2.797065
1.915982
3.195932
3.182642
3.197532
2.192480
2.937888
3.281178
3.328788
2.592841
1.676485
3.271904
3.161127
2.420696
3.185119
0.892841
2.677749
2.419722
2.885457
2.541300
2.926411
2.856852
2.444638
2.600093
2.968825
2.969627
3.108012
3.568913
2.128063
3.176300
2.860587
2.537689
3.125094
3.396086
3.233254
2.608245
2.078718
2.380236
3.038854
3.446931
2.572353
3.172705
2.485130
2.746217
2.468765
3.096070
3.245052
3.200738
2.877612
3.009307
3.018157
3.172013
3.762077
3.408108
3.449948
2.235937
1.728845
3.167977
1.616323
1.879851
2.124485
2.476096
3.072727
3.494305
2.391103
3.409392
3.155924
3.075799
2.963253
3.289547
3.181822
2.823476
3.156128
3.174252
3.125330
3.044345
3.091925
3.187936
2.270013
2.711578
2.353144
3.263689
3.173928
3.373640
2.366630
3.307369
2.980925
3.181744
2.365462
3.211014
2.404064
3.100097
0.977852
3.298623
3.575991
3.195185
2.648212
2.751577
1.591333
3.306929
2.756780
2.910859
2.741567
3.088095
3.303497
3.046433
3.255410
2.447403
1.270541
2.256622
3.331666
2.208394
3.295175
2.271738
3.183100
2.885658
3.149765
3.007452
3.179748
3.162040
2.427649
2.397462
2.301197
2.596764
2.429470
2.605373
3.038968
2.878199
3.561461
3.309448
1.536763
3.698277
2.426074
3.350433
2.236351
3.297693
2.637218
3.485774
3.329378
2.445568
3.125834
2.919723
3.289455
2.612681
3.473216
3.250820
1.947972
3.289592
3.933008
2.730820
3.176170
2.017583
2.423985
3.137231
2.292386
2.482767
3.578083
3.170084
2.725944
3.394326
3.570199
3.086027
3.180184
3.010749
2.116821
3.309872
3.310379
1.700943
3.286490
3.291211
3.790744
3.132855
2.429705
2.954443
3.127377
2.754144
2.842346
2.478454
3.583717
1.804529
3.312299
2.385074
2.480835
3.348011
2.942700
3.292188
3.351539
3.463503
2.911955
1.687325
2.992106
3.143513
2.972167
1.712983
3.202006
3.197439
2.657492
3.447607
2.773974
2.732947
2.747973
2.081958
2.878226
3.359636
2.145611
2.840792
3.253431
2.286026
3.407599
2.504710
3.008276
2.183944
2.996162
2.466924
2.395502
2.740960
3.427955
3.113312
3.043016
2.914917
2.411805
3.317269
3.324288
2.761374
2.264180
3.437828
3.069042
3.303229
1.981350
2.852225
1.714300
3.381278
1.784944
3.124112
2.927882
3.235989
2.618109
3.300312
3.664459
3.187231
3.228208
2.393023
2.722421
3.314213
2.087096
2.978110
3.306030
2.985364
2.384068
3.300233
2.494200
3.103367
3.585920
2.958414
3.240486
3.187746
2.912570
2.694456
2.863192
2.328488
1.637248
3.165141
3.211509
3.669881
2.269993
3.387914
2.851188
2.654492
3.242134
2.684278
1.805213
1.762680
3.346177
3.507721
2.491950
2.757502
2.968739
2.868450
2.985742
3.242729
1.999415
2.672483
2.456076
3.380684
3.285420
3.055746
1.760040
3.520260
3.163957
3.155281
2.111776
3.296523
3.163178
2.675239
2.900147
3.190199
3.222380
3.367977
3.268406
3.673205
3.114868
3.202897
2.451484
2.480283
3.431071
2.047631
3.430785
2.453791
3.130039
3.104460
2.073965
2.901655
2.069520
3.034731
3.140106
3.228643
3.323371
2.774515
2.537671
2.241780
3.248670
3.296245
3.324646
3.134549
1.178438
2.357975
3.192454
2.979409
3.126416
3.252618
3.291066
2.959844
1.955685
2.999727
2.430526
1.844112
3.075926
2.831218
2.759591
2.974844
2.453213
2.060197
2.841025
3.323237
3.153420
3.630535
3.347906
3.013572
3.656897
2.539179
3.293583
2.308764
2.938690
3.107624
2.874044
2.493717
3.294113
3.293950
3.050061
3.474180
1.906818
1.532760
3.516493
3.289739
3.300779
3.216123
3.238614
2.323411
3.214571
3.088588
3.154709
3.352353
3.200171
3.188591
3.407886
0.194825
1.729240
3.457588
2.494177
3.683759
3.275746
3.206195
2.210454
2.687679
2.051863
1.985151
2.408052
2.576736
2.577627
2.828330
3.679898
3.357276
2.959745
2.667959
3.172732
3.300852
2.501221
3.168600
3.242592
2.864603
0.659872
2.826340
2.402964
3.283230
3.174457
1.571015
3.199890
2.389959
2.045294
3.179445
3.281911
2.448994
2.450632
3.205244
3.588001
2.114034
3.497607
3.219479
3.253327
2.957386
2.147241
1.750494
2.374837
3.131649
2.370421
3.110184
3.122708
2.485338
2.789814
2.863357
3.067173
2.957848
3.305014
2.988807
2.912432
1.930865
3.313198
2.524595
3.048399
3.169586
3.312919
2.543113
1.513885
1.339259
2.884411
2.932655
3.056552
3.184126
3.096151
2.993233
3.145779
3.639321
3.292155
3.075839
2.986993
2.965643
1.148298
2.287814
3.278820
3.294829
3.113435
2.198265
2.960969
3.283247
3.171996
3.291581
2.933812
3.290191
1.647704
2.876312
3.061249
2.565767
2.577586
2.743554
2.270369
1.832637
3.375711
2.046080
3.623696
2.380813
2.585602
2.442241
2.558624
2.402722
3.096533
3.187059
2.479288
3.454660
1.716907
2.340333
2.774881
2.710731
3.242571
3.400769
2.815134
0.849926
3.087151
2.076987
1.507121
3.096293
1.348208
3.223497
3.254045
3.198406
3.350057
3.111860
2.401027
2.768905
2.857102
3.402957
3.055969
2.931619
2.328743
2.623789
3.109506
2.689448
1.539716
3.212285
3.283964
3.050032
2.637717
3.377585
3.374726
2.574448
3.527497
1.144475
2.652518
2.044478
3.045470
2.607851
2.714815
2.991658
2.744079
2.844449
3.215614
3.396953
3.060134
3.347137
2.106800
3.046156
2.921292
3.426933
2.427336
3.355528
3.176665
2.372024
2.904032
3.476553
2.250690
3.589532
2.389100
3.003050
3.179420
3.405113
3.409918
2.664609
2.526149
2.260902
2.722898
2.647532
1.102214
3.218428
3.178653
2.921552
2.600404
2.916236
2.750132
2.439720
3.092942
2.815052
1.431808
2.893553
3.095739
1.639911
2.903352
3.085228
2.194935
3.084914
3.172905
2.394546
2.677056
3.029672
3.489849
2.102712
3.286557
2.632014
2.641300
3.562009
3.027312
3.146661
3.313579
2.867185
2.436131
2.685724
2.946595
3.324223
3.030759
2.721571
3.396832
3.126748
3.246540
2.873346
2.899839
2.155143
3.137220
3.136266
2.769043
2.512775
3.058856
3.368992
3.342166
3.354528
2.840132
3.300797
2.694707
3.403900
3.072070
1.837228
3.321208
3.478228
2.883955
3.290776
3.163302
3.183389
3.249972
1.788639
2.627690
2.129667
0.985543
2.475400
2.590469
3.126081
3.353955
1.815412
2.363058
3.008674
3.201603
2.992298
2.694040
2.693793
3.340929
3.188441
3.323955
3.124697
2.963929
3.296159
2.114303
1.909769
3.283627
2.569323
1.688206
3.289237
2.437521
3.029861
2.707791
3.227771
2.631770
3.103114
3.359008
2.344448
3.296750
2.253490
3.318893
2.958872
3.567420
1.955338
3.515114
3.113413
2.768671
2.968676
3.603335
3.153316
2.374724
3.356265
2.921999
2.917555
2.955159
3.291018
3.109732
3.291626
3.314466
2.242587
3.138899
2.876960
3.306269
2.783052
3.090430
3.408848
1.115692
3.179214
2.526168
2.623622
2.328941
3.433624
2.400210
1.791183
3.370309
2.760234
3.165198
3.188020
2.362483
2.570315
1.666280
3.291747
3.174703
2.823415
3.181833
2.111579
3.304308
3.178683
3.188222
2.831394
3.095442
3.431603
3.236600
3.365309
3.304280
2.686669
3.163230
3.074391
2.369237
3.567887
2.632524
2.281691
2.533557
2.570989
2.178398
3.283545
2.656287
3.212902
1.701045
2.548029
1.375073
2.955940
3.208953
2.762487
3.194310
2.980428
2.532952
2.655681
2.496440
3.492763
3.193373
2.508642
2.598933
3.469629
2.960732
3.314415
2.202573
1.381092
2.422167
2.247029
3.177380
3.297798
3.041697
1.491796
2.922609
1.245348
3.101004
3.064125
2.441972
2.458133
3.189784
0.957184
3.240718
1.307016
2.611264
2.511926
3.169023
2.472243
3.213297
2.996948
3.361944
3.006701
3.181082
2.476351
3.382627
3.317834
3.182740
2.271025
1.764255
1.094011
3.481797
2.732522
2.671460
2.100451
3.326542
3.213544
3.119151
3.214972
2.143057
2.586173
1.809946
1.381153
2.559858
2.124158
2.052982
2.685748
3.464555
2.926851
3.925968
3.758356
1.993597
3.147363
2.996889
3.195479
3.456787
2.597185
3.457718
2.088487
2.746980
3.244693
2.684481
3.127364
2.642675
3.288018
3.621831
2.935002
3.175713
2.442355
3.185542
3.210148
2.609184
2.612918
2.727679
1.624812
2.460899
2.351115
3.225942
3.263097
3.026640
3.284184
3.356885
2.945748
3.284754
2.619675
3.184379
2.631991
2.695007
2.817367
0.834081
0.821928
2.898674
1.101054
3.284802
2.461850
3.110805
3.086352
2.822849
3.516362
2.735640
3.141588
3.091290
3.378970
2.841991
2.906720
3.026746
3.353580
3.367533
3.257538
2.780643
3.092896
2.258437
3.189953
2.957857
2.776278
3.346590
2.919150
0.952950
2.951343
3.241396
3.057416
2.714607
3.215394
3.249046
3.186262
2.117978
2.729651
3.284692
2.627144
2.890880
3.155717
1.377572
3.317717
3.071379
2.612820
2.901165
2.518775
2.308162
2.352277
3.423788
2.382537
2.154239
3.271616
3.046843
2.343956
2.541363
1.921411
1.968292
1.599743
3.247242
3.083067
2.039411
2.477448
2.475345
2.578955
3.385538
3.543488
3.178659
3.169273
1.019380
3.096838
2.249994
3.382447
3.155586
3.052542
3.041092
3.245782
2.871903
3.323744
3.038928
2.891182
3.044376
3.180266
3.600080
3.560225
2.993851
3.290803
3.209549
3.076479
3.118145
2.928805
3.259057
3.181740
3.147868
2.999482
2.745079
3.309649
2.613944
2.956023
3.178135
2.341344
2.769865
2.353016
2.360686
2.971413
2.534714
2.449161
3.121855
2.292678
3.102156
2.568090
1.234699
2.871689
3.186633
2.770915
3.036282
2.870360
3.272510
3.239229
2.564953
3.089016
2.840912
3.300376
2.726575
2.180882
3.120680
2.217322
2.234200
3.217975
3.205236
3.220549
3.201490
3.339363
2.245625
3.189237
3.481639
3.315179
2.766079
3.210056
2.758031
3.371629
3.325354
3.611623
2.430374
3.075620
3.340748
2.718039
3.285089
2.925338
3.193579
2.704253
2.594466
2.202836
2.637469
2.918569
3.017382
2.905818
3.171325
3.648178
0.474569
2.189653
1.726849
2.963910
2.464246
2.823735
2.962209
1.495052
1.502982
3.189088
2.285282
2.939916
2.269352
2.975523
3.205488
3.269339
3.550453
3.245167
3.561293
2.156103
1.174305
2.698624
2.821397
2.840718
3.400305
2.865010
2.406209
2.391087
3.257821
2.903639
2.710866
3.172759
3.182690
3.484100
2.070284
3.564290
3.102760
2.770300
2.927145
2.616322
2.512673
2.885051
1.281044
3.424650
2.563447
1.995370
3.553930
3.381166
2.924630
1.860492
2.791001
2.652494
2.870298
2.727487
3.005383
2.810568
3.233282
3.156173
2.971570
3.662979
2.643180
3.092164
2.845023
2.548052
2.925777
1.875246
2.649972
2.541909
1.648693
3.222377
3.294168
1.396905
3.307082
3.066576
3.312111
3.029156
2.786582
2.332661
2.479823
3.378684
1.170388
2.930037
2.721114
2.128837
2.502950
3.096658
3.183172
3.090287
2.755318
2.168011
3.078922
2.996639
3.288768
3.095065
3.242624
2.320695
2.754994
3.596543
1.650381
3.145128
2.750771
3.295569
1.570634
3.318371
2.731217
2.021766
3.236149
2.023694
3.516368
3.088781
3.295841
3.302920
3.079402
2.501432
1.493260
2.941271
2.449511
2.933499
3.261085
3.301717
3.523093
2.416593
3.500699
2.463968
3.549275
3.173374
2.605720
3.358091
2.149183
1.867008
3.077514
2.305497
2.288607
3.180272
3.003984
2.721911
2.399610
3.178312
3.225494
3.643843
2.662243
2.855644
2.567390
3.448703
3.231297
3.054456
3.473701
3.114399
2.099008
2.033346
3.185882
2.552822
2.131215
3.284526
2.769530
3.292361
3.185581
2.788960
3.041922
3.131050
2.097969
2.661847
1.193724
2.881380
3.273054
1.872546
2.116577
2.970272
3.677060
3.370015
3.234646
3.283913
2.959942
3.157879
2.983633
3.063086
3.212821
2.720395
3.226913
2.736971
3.325782
3.398633
3.293324
2.507478
3.104108
2.234403
2.963024
3.285260
2.870002
2.977186
2.177727
1.748180
3.542593
2.728396
3.075665
3.008068
2.452295
1.245075
3.495461
2.022099
2.973336
2.959729
2.792360
3.116220
2.466155
3.240025
3.100598
3.525725
3.528481
3.313206
3.026866
2.538730
2.959950
3.146740
2.074122
3.362601
3.054941
1.681026
2.353577
3.020721
3.147445
3.227269
3.430158
3.129290
2.994453
2.170729
2.404789
2.555460
3.154053
3.207963
3.247854
3.159701
2.933426
2.495764
2.652332
3.217200
3.188506
3.550803
2.725286
2.631571
2.026773
3.173597
3.195656
3.069198
3.170426
3.150211
3.107996
3.296319
3.251720
3.028861
2.161771
2.870772
2.560278
1.211001
2.937798
1.926514
2.218396
3.042042
2.682501
3.723193
3.225203
3.292976
3.147809
2.972280
3.293219
2.767670
2.427752
2.885200
3.041180
3.189309
3.035739
1.489963
2.674843
3.006544
2.530235
3.249076
1.037012
3.573134
3.086955
2.338181
2.630374
1.946943
2.900012
3.044523
3.196683
3.122254
3.188124
2.246388
3.223405
3.329969
2.654583
3.012597
3.499552
2.637742
3.069267
3.243428
1.748452
3.507332
3.246640
3.041417
3.285051
2.754403
0.648259
2.184600
3.283746
1.394422
3.056371
2.881383
1.580316
3.304342
3.047724
1.844504
3.242457
3.538897
3.298685
2.295368
3.498106
3.173230
2.392809
3.105240
2.566820
1.753997
1.162890
2.454966
3.206510
3.227776
2.149398
3.081141
3.520818
3.152368
3.198079
3.613215
3.449673
3.342882
2.647597
2.220888
2.893375
2.296963
2.999393
3.099040
2.142795
2.558897
2.633850
3.416347
3.220520
2.385290
3.295978
3.046387
2.821368
2.761603
1.493125
2.859280
3.261111
3.352818
3.182548
2.507044
2.984344
3.250882
2.348828
3.295680
2.799464
2.277943
3.403422
3.185330
3.461867
2.750752
3.174807
3.083324
2.266697
2.922929
2.417293
3.285927
2.562842
3.225220
2.327630
3.090985
2.872470
2.995038
3.184484
3.214156
2.694942
2.084475
3.173753
3.423619
1.108624
2.897398
3.354096
2.747143
2.127441
2.897974
1.987818
2.856562
3.273418
2.440852
2.614210
3.225371
3.202020
2.655304
3.037994
3.433789
2.522970
1.095179
3.347065
2.762869
2.820180
2.947270
2.868028
3.181351
3.182862
2.473106
2.689199
2.813537
2.968806
1.868501
2.507856
2.221557
2.476504
2.322967
2.467361
2.740027
2.746790
2.618322
2.556872
1.603520
2.941472
3.683471
3.324926
2.827536
3.183341
2.981453
2.739686
2.921629
1.954239
3.206201
3.450313
2.350284
2.714404
2.613426
3.161183
3.161992
2.313969
2.585846
3.207062
1.876610
3.013618
2.387202
2.288864
3.399930
3.277322
3.331182
2.645947
2.630407
2.228929
3.336357
2.589483
1.456828
2.428861
2.642359
3.209506
2.646911
2.382479
3.253495
3.185689
3.526238
1.240349
3.202895
3.031549
3.188313
2.113083
3.787662
3.189949
3.286930
3.364755
3.092592
2.834877
3.099690
2.932334
2.251780
3.443961
2.412290
2.592056
2.505063
3.234348
3.296033
3.054860
0.569402
3.214241
3.241042
2.607656
3.336485
3.247888
3.336201
3.290916
3.285697
3.045424
3.281604
3.126086
2.602464
2.739068
3.095193
2.715851
3.020233
3.168279
3.186813
3.289656
3.055943
2.296788
2.342522
3.070817
3.135209
2.483210
3.434267
3.612936
2.595031
3.293478
2.748133
3.343224
2.856730
3.715987
2.766862
3.217238
3.893254
3.152645
3.353501
3.291984
3.637410
3.075477
3.363209
3.066117
2.328626
2.857973
3.169786
3.312409
2.299711
3.092715
3.195853
1.492110
2.928209
3.113527
3.221236
2.527082
3.111404
1.951153
2.720439
2.195013
2.645501
2.237141
2.696650
0.981560
3.158168
2.901530
3.771385
2.770797
2.471843
2.962700
2.362981
3.334689
2.571237
3.092763
3.237787
2.330457
1.486564
1.829293
3.067850
3.565016
1.207196
3.139772
2.086762
2.719590
3.079119
1.998525
2.591164
3.338511
3.038892
2.741755
2.586433
1.721227
2.692578
3.132453
3.149413
3.163013
3.366653
3.541197
1.606965
2.755366
2.797894
3.460667
0.690906
3.087241
2.318016
3.086929
3.083913
1.349682
3.212218
3.219929
2.124821
3.539573
3.303109
2.992421
3.152286
3.313959
3.111661
4.000981
3.731318
2.982044
3.269997
2.170452
3.261492
3.334372
2.705140
2.956729
3.557429
3.141332
3.190762
2.464973
2.637666
2.413861
3.069268
2.909945
3.132936
2.279277
2.898492
3.230912
2.089045
2.934846
2.558077
2.825294
0.785623
1.895271
2.387847
3.335720
2.672501
3.205476
2.728554
2.667864
3.078825
3.377314
2.868823
1.425519
2.788229
2.017805
2.594821
2.905019
2.384020
2.505595
3.102214
2.696267
2.587803
3.513012
2.774706
2.233698
1.903508
1.932044
2.597874
3.294427
2.814206
2.344996
3.282488
3.149070
2.812421
3.214409
2.027895
3.533825
2.394768
2.854574
2.395932
3.909135
3.100693
3.160551
1.441100
2.753366
2.154961
3.186760
2.779425
2.352846
3.296617
2.235314
3.286071
3.420794
3.181250
2.833044
2.833745
1.809396
1.574493
3.135499
3.582178
2.705062
2.446197
3.008896
2.063559
2.777859
2.691113
3.115999
2.765927
3.150553
3.261896
3.346640
3.286826
2.104698
2.956079
3.363132
2.392565
2.066228
2.913549
3.284709
2.716170
3.551953
3.340381
3.362491
3.382962
3.276059
2.449750
2.439315
2.882667
3.363093
2.312537
3.174509
2.745516
1.616324
3.056889
2.492576
1.099895
2.089529
2.639617
1.971948
3.291885
3.094161
1.702485
3.459148
3.084678
1.767836
3.060885
2.126733
2.752742
2.107606
3.305079
1.767076
3.334089
3.342358
3.014310
3.601014
3.052532
3.179776
3.642279
2.025123
3.098120
2.880905
3.361311
3.271102
3.100244
2.782777
3.202041
3.219375
3.336585
2.360975
2.565767
3.193244
2.494288
2.378764
3.470373
3.314384
2.642974
2.262584
3.219616
2.772877
3.458502
2.465640
3.605870
1.768941
2.677866
2.105649
2.932834
3.143834
2.481521
3.270085
2.755899
2.666306
3.265928
2.300342
2.703926
3.580342
2.507028
2.389999
3.629140
3.366374
3.164208
2.427178
2.747189
2.962211
2.920449
2.982125
3.050169
2.661411
3.072184
2.777203
3.088455
2.879402
3.132150
1.666286
1.866784
2.464235
3.522079
3.681049
2.801729
3.068104
3.402389
3.261889
2.986841
3.365306
2.494705
2.766988
1.894531
2.216962
3.142104
3.290472
3.027981
1.932690
2.698805
2.901745
2.512303
3.427505
1.777284
3.742098
3.358415
2.443624
3.170977
2.297563
2.856640
2.372732
2.704947
3.442073
3.263820
2.823216
2.036157
3.466757
2.626912
2.701662
2.517125
3.297100
3.286479
3.243219
3.586023
3.474282
3.172608
1.658597
3.028430
3.231369
3.227078
3.106150
3.290692
3.346723
1.899982
3.185676
2.359765
2.279100
2.736145
2.679884
3.112890
3.071296
2.852255
3.224652
2.659128
2.957377
2.987977
2.386380
2.141641
3.179333
3.486793
2.474894
3.405396
2.833186
3.376920
2.264373
2.797431
3.327938
2.530846
3.345732
3.216177
2.872017
2.914288
1.083227
3.031867
3.213995
3.555598
2.701647
3.511468
2.796410
2.959616
3.210875
1.167855
3.408910
3.196661
3.188770
3.074260
3.179972
2.871468
2.825471
3.240426
2.813894
1.925942
3.153382
2.593133
2.451348
1.995459
2.020074
2.188222
2.916803
2.036351
3.479616
2.413680
2.939169
2.757262
3.345651
2.220957
2.933555
2.922054
3.284665
3.150650
3.127308
2.500823
2.782861
3.236681
1.060714
3.379864
3.023111
2.545617
3.290577
3.183661
3.168147
3.122896
3.557090
2.763944
3.148069
3.209126
3.397356
3.039803
2.166789
3.045767
2.910117
3.047672
3.789320
2.797781
3.567143
3.291371
3.109850
2.009595
3.344382
2.222800
2.305570
2.048178
3.218256
2.925247
3.058293
3.142935
2.639917
1.350890
1.922265
2.604516
2.123279
1.848057
3.127371
3.498812
3.259696
1.524545
3.248978
3.493901
2.692118
3.189294
3.281198
2.434706
3.637333
2.649166
3.335557
3.548297
2.185787
2.887483
3.104868
3.221492
3.208709
3.091982
2.060893
1.314360
0.561920
3.088232
2.379092
1.959154
2.167310
3.213599
3.628099
1.504351
2.179071
2.635142
3.233568
3.204609
2.670430
3.231361
2.567264
2.941012
1.890196
2.946998
3.124086
2.537747
2.977274
3.176414
2.835926
1.914859
2.995850
1.082280
2.388641
2.299460
3.458320
3.540033
1.626616
2.939284
2.502100
3.369562
3.182184
1.401463
3.568743
3.547886
3.498694
3.197903
2.496767
2.693831
2.552663
2.969275
3.404109
3.165353
2.858587
2.716359
1.744912
3.291114
3.013151
2.577022
3.089208
2.658238
3.358352
3.035749
3.356405
2.780856
1.723316
3.373142
3.404775
3.244899
2.645467
2.417166
3.279689
3.212080
2.207463
1.899259
3.175096
2.376725
2.001870
2.082021
3.164813
2.856605
3.173105
3.227612
2.690464
2.624306
2.352275
2.508451
3.281882
3.214653
2.529109
3.068328
3.227184
3.294286
2.304655
3.196479
1.940972
2.269890
2.659633
2.898929
1.523951
3.215441
3.150305
3.148264
3.355089
2.976053
3.344655
2.793445
2.548774
2.787909
3.133383
0.688791
3.356954
3.557151
3.448308
3.531972
3.011544
3.292005
3.576558
3.449370
3.189186
3.309581
2.574704
3.475015
2.967498
2.716156
3.571487
3.516220
2.941747
3.086652
3.011522
3.057407
2.677355
3.064354
2.320417
2.808480
2.516689
1.823733
2.914393
2.408917
3.181489
2.165712
2.964959
1.735463
3.094019
2.379988
1.416885
3.132103
3.377599
1.559154
2.965463
2.772661
3.331723
3.386487
3.175641
2.470071
2.672031
2.816862
2.577598
1.814745
2.955142
3.071267
1.748841
3.291310
1.733285
2.287550
1.784185
2.958580
3.088198
3.076374
3.390747
3.102801
2.630807
3.111520
1.914808
3.471188
2.116647
3.552520
3.023905
3.276838
3.308000
3.154652
3.030138
2.876298
3.286550
3.132671
1.938782
